4.45671
8.55138
5.56029
2.88692
1.88329
1.66808
2.33479
1.73492
1.17646
1.81733
1.06975
1.17888
1.39192
1.14488
1.20404
1.16721
1.86975
1.12608
1.1845
1.19546
1.20967
1.20621
1.50054
1.17588
1.18746
1.21421
1.16525
1.20262
1.16392
1.71633
1.19137
1.16529
1.23762
1.1655
1.15233
1.17692
1.20704
1.45775
1.18221
1.18425
1.20017
1.19875
1.19
1.18738
1.18475
1.19275
1.18875
1.17788
1.20817
1.19775
1.18492
1.19487
1.18258
1.17829
1.19158
1.20388
1.19683
1.18775
1.20917
1.16492
1.191
1.18679
1.1855
1.19908
1.18779
1.17129
1.20192
1.20858
1.18433
1.17046
1.213
1.19596
1.20396
1.19046
1.181
1.19942
1.1895
1.18183
1.19367
1.18579
1.17871
1.25746
1.21875
1.15796
1.20896
1.19275
1.18438
1.20192
1.18175
1.18812
1.19262
1.56013
1.421
1.18687
1.20496
1.20563
1.20837
1.19683
1.19079
1.16458
1.20542
1.21575
1.18671
1.18879
1.18775
1.19362
1.15979
1.18325
1.20783
1.19521
1.21008
1.18117
1.19642
1.17613
1.20863
1.18588
1.18492
1.23004
1.18071
1.17542
1.18067
1.20975
1.19617
1.18883
1.204
1.18546
1.19421
1.2
1.19329
1.46071
1.23642
1.12767
1.20329
1.18788
1.19104
1.18162
1.19588
1.23954
1.12317
1.19233
1.17788
1.19967
1.21775
1.17217
1.21138
1.14508
1.2125
1.18192
1.17804
1.18512
1.19954
1.23471
1.13129
1.19042
1.17521
1.20004
1.19229
1.18979
1.25858
1.14233
1.20675
1.16983
1.168
1.20508
1.19667
1.24704
1.14004
1.19188
1.16083
1.20254
1.18717
1.38275
1.20033
1.19188
1.20079
1.20063
1.21696
1.16117
1.21221
1.17075
1.19329
1.19142
1.18912
1.19229
1.1705
1.19225
1.1765
1.20529
1.21208
1.16167
1.18658
1.20217
1.17908
1.20179
1.17508
1.17542
1.21546
1.18921
1.20879
1.18021
1.18383
1.17121
1.19154
1.23329
1.13875
1.18025
1.18188
1.20571
1.20112
1.19029
1.18692
1.28692
1.10958
1.39229
1.17763
1.21142
1.16625
1.2115
1.19092
1.16846
1.17112
1.1975
1.19992
1.17596
1.206
1.20583
1.15025
1.19296
1.2025
1.16638
1.17954
1.18042
1.18242
1.20067
1.17463
1.18533
1.17771
1.20579
1.17871
1.18829
1.18271
1.31317
1.07421
1.17717
1.203
1.19808
1.19379
1.19025
1.17463
1.21392
1.17192
1.20125
1.19808
1.19396
1.21887
1.42438
1.18312
1.15729
1.20671
1.19004
1.19175
1.17371
1.19608
1.22317
1.1655
1.21237
1.15417
1.20896
1.18637
1.18875
1.17933
1.20888
1.19304
1.17042
1.20238
1.18425
1.19654
1.162
1.17704
1.1925
1.21696
1.16979
1.23146
1.14796
1.2005
1.21754
1.15954
1.17796
1.18454
1.20379
1.19225
1.1665
1.22354
1.20304
1.17967
1.2005
1.17833
1.40687
1.17617
1.18083
1.18312
1.17846
1.20054
1.18992
1.19992
1.18867
1.18408
1.19992
1.19225
1.16692
1.19358
1.18933
1.19804
1.16938
1.19667
1.19217
1.18008
1.18621
1.17463
1.17154
1.19121
1.20383
1.1755
1.16992
1.18271
1.20058
1.19129
1.18621
1.18579
1.18933
1.19283
1.22921
1.16008
1.196
1.19721
1.18029
1.16979
1.19933
1.2055
1.179
1.17758
1.19592
1.185
1.19671
1.20063
1.17783
1.46663
1.20246
1.18683
1.20379
1.22854
1.25854
1.08533
1.19079
1.19717
1.21363
1.16492
1.20375
1.22208
1.16025
2.35508
1.20071
1.19658
1.18471
1.20246
1.18225
1.19458
1.18167
1.17421
1.1715
1.18708
1.20033
1.19075
1.1825
1.18058
1.18433
1.18221
1.19975
1.19033
1.57892
1.22754
1.1195
1.20275
1.19583
1.20983
1.16717
1.18654
1.23396
1.14429
1.16313
1.19279
1.19008
1.20717
1.17871
1.24454
1.16571
1.18842
1.16963
1.17679
1.19696
1.18483
1.19583
1.16171
1.206
1.20817
1.19821
1.18417
1.5795
1.07837
1.18625
1.19354
1.18408
1.18475
1.18483
1.18088
1.18396
1.19671
1.20446
1.1815
1.17754
1.19588
1.44
1.18888
1.166
1.17742
1.20983
1.19842
1.16417
1.19246
1.20129
1.21863
1.14496
1.18767
1.19254
1.21425
1.176
1.28313
1.13171
1.18042
1.20025
3.94525
3.84225
1.21483
1.94579
0.978375
1.14092
1.35867
1.38279
1.07592
1.27171
1.43608
1.18929
1.45437
2.16154
1.85229
1.20279
9.43175
2.27971
0.977375
1.60858
1.81721
0.426
2.01954
1.17425
1.30546
1.42871
1.239
1.44167
1.17646
1.42675
1.33662
1.40813
1.18983
1.43225
0.962709
1.19871
1.12679
1.19758
1.17221
1.19863
1.18704
1.21387
1.23887
1.12275
1.27462
1.27012
1.5725
1.90604
1.46067
1.14892
1.20258
1.19521
1.17592
1.19567
1.16575
1.20792
1.30462
1.10238
1.19154
1.19846
1.28792
1.10588
1.22933
1.16258
1.17908
1.18312
1.17921
1.18004
1.52887
1.19921
1.19262
1.18167
1.17183
1.18696
1.18675
1.23463
1.15175
1.18958
1.18912
1.21367
1.21192
1.15579
1.20317
1.29667
1.13338
1.1685
1.16963
1.20146
1.20767
1.49329
1.20683
1.30871
1.24642
1.10058
1.21196
1.35917
1.21829
1.15912
1.21533
1.17704
1.2355
1.18679
1.17162
1.18717
1.80663
1.0465
1.16687
1.17654
1.17933
1.52287
1.191
1.17404
1.21058
1.19958
1.20592
1.4105
1.24971
1.09987
1.22958
1.18821
1.19104
1.18462
1.18033
1.29229
1.099
1.19975
1.29717
1.06833
1.19075
1.18758
1.25217
1.11225
1.47354
1.21933
1.17483
1.18421
1.17512
1.25904
1.17742
1.18358
1.18113
1.22004
1.16796
1.46658
1.18925
1.18525
1.22188
1.18812
1.18546
1.40354
1.18204
1.2065
1.17008
1.22342
1.18021
1.18329
1.40342
1.18738
1.18837
1.18196
1.1785
1.18167
1.20729
1.41767
1.18283
1.17858
1.19129
1.21021
1.17792
1.19483
1.40554
1.17225
1.18796
1.20137
1.18438
1.17858
1.18492
1.19238
1.17812
1.41708
1.18246
1.17204
1.17771
1.21583
1.19675
1.17463
1.19104
1.20412
1.18146
1.19329
1.18033
1.18283
1.168
1.20538
1.55417
1.20633
1.19433
1.18658
1.17896
1.20967
1.20283
1.18071
1.17508
1.21837
1.19504
1.20254
1.18958
1.19675
1.18104
1.19188
1.18962
1.17208
1.41308
1.18592
1.19942
1.183
1.19404
1.20258
1.21062
1.18083
1.17454
1.21408
1.1925
1.18192
1.17817
1.20017
1.212
1.17754
1.19933
1.20175
1.17125
1.17512
1.19721
1.19571
1.17458
1.21383
1.187
1.19625
1.20487
1.18704
1.18908
1.1815
1.19362
1.18558
1.17875
1.19292
1.19167
1.18642
1.18092
1.20696
1.1745
1.17092
1.17846
1.19558
1.38429
1.20446
1.17933
1.19475
1.20133
1.18037
1.20188
1.18771
1.19329
1.19687
1.17558
1.18979
1.19258
1.213
1.16112
1.18596
1.20483
1.18633
1.16171
1.20858
1.18554
1.19487
1.17371
1.19904
1.17342
1.177
1.21513
1.19292
1.20196
1.17929
1.20733
1.1935
1.17775
1.20637
1.19804
1.176
1.19654
1.20554
1.17796
1.17883
1.19467
1.18375
1.40104
1.17288
1.19775
1.19292
1.18442
1.17667
1.19858
1.16263
1.20654
1.16467
1.19325
1.18754
1.17233
1.24638
1.14887
1.17371
1.22737
1.19746
1.19067
1.18675
1.18233
1.19642
1.19742
1.19221
1.1905
1.21325
1.17637
1.19354
1.42833
1.21988
1.14775
1.2095
1.20362
1.18192
1.2365
1.16154
1.18296
1.189
1.4955
1.12013
1.20637
1.1975
1.18258
1.17021
1.46037
1.17275
1.16296
1.21792
1.17454
1.20029
1.16625
1.21329
1.17646
1.1715
1.19892
1.19112
1.21242
1.20258
1.16267
1.18325
1.182
1.22788
1.2005
1.16083
1.19479
1.16413
1.181
1.18162
1.19
1.19108
1.18842
1.19129
1.17225
1.18154
1.22742
1.19642
1.16863
1.18975
1.2585
1.11904
1.17712
1.18788
1.18763
1.19783
1.17767
1.20667
1.37396
1.19788
1.1935
1.19996
1.23158
1.15575
1.17908
1.8525
0.850625
1.18354
1.20554
1.187
1.22437
1.33171
1.1975
1.177
1.16712
1.17129
1.19079
1.21221
1.18075
1.19137
1.38483
1.18933
1.19637
1.18321
1.20317
1.16417
1.18179
1.38708
1.18825
1.1805
1.19296
1.20054
1.18879
1.25496
1.33992
1.19871
1.19917
1.19646
1.17454
1.16971
1.18475
1.21308
1.18113
1.17958
1.20625
1.19246
1.18942
1.18333
1.19425
1.17725
1.20467
1.19863
1.17663
1.177
1.20033
1.19154
1.1855
1.17858
1.21575
1.17738
1.17667
1.20612
1.17117
1.19725
1.17863
1.18292
1.18792
1.18563
1.20458
1.21196
1.14492
1.18254
1.22179
1.33242
1.03971
1.16683
1.1885
1.18017
1.21308
1.18487
1.203
1.40142
1.258
1.12317
1.21262
1.2195
1.20108
1.38083
1.34621
1.16496
1.21592
1.17729
1.17263
1.19825
1.17117
1.72746
1.20225
1.20683
1.19308
1.93671
2.22612
1.28058
1.17496
1.16242
1.15792
1.20571
1.58258
1.13821
1.19092
1.22179
1.20388
1.21463
1.15671
1.449
1.19621
1.227
1.20079
1.19346
1.19525
1.17308
1.49321
1.19717
1.19633
1.21425
1.16342
1.15729
1.397
1.22242
1.215
1.16963
1.23958
1.33054
1.20683
1.18733
1.18658
1.198
1.21188
1.17942
1.16692
1.19321
1.18438
1.73996
1.18125
1.19304
1.20042
1.15067
1.18483
1.19013
1.19512
1.19742
1.19008
1.23263
1.19542
1.29713
1.41171
1.20167
1.18863
1.16354
1.19167
1.19425
1.17483
1.8955
1.23983
1.14542
1.18275
1.17575
1.15667
1.51746
1.17475
1.13658
1.33
1.17567
1.19479
1.69646
1.14621
1.19429
1.19692
1.17604
1.20304
1.18425
1.46762
1.23225
1.13333
1.20262
1.18233
1.18221
1.17521
1.47483
1.16946
1.16829
1.2125
1.17837
1.16967
1.20404
1.18704
1.20708
1.37225
1.18263
1.17346
1.20267
1.39163
1.21013
1.19271
1.16067
1.20713
1.19617
1.16396
1.18854
1.19846
1.44596
1.10908
1.179
1.177
1.20042
1.42142
1.19146
1.18771
1.19896
1.18779
1.17538
1.20283
1.19242
1.17258
1.417
1.18904
1.18354
1.19704
1.22146
1.17767
1.37779
1.18579
1.19904
1.19142
1.32471
1.07371
1.19625
1.19275
1.17958
1.19904
1.17696
1.20146
1.23525
1.18383
1.18996
1.554
1.09742
1.19158
1.182
1.29246
1.356
1.16625
1.20233
1.2095
1.19529
1.17604
1.20042
1.20367
1.48058
1.09492
1.18413
1.20083
1.18571
1.40729
1.21762
1.13767
1.20825
1.2235
1.15929
1.19013
1.19329
1.39504
1.16842
1.20625
1.18954
1.18242
1.21154
1.40054
1.19188
1.16638
1.19483
1.20283
1.17012
1.22692
1.36862
1.19037
1.20196
1.18196
1.18717
1.19525
1.38508
1.18854
1.17812
1.20213
1.18312
1.20037
1.24421
1.12033
1.68242
1.17379
1.27087
3.62842
2.06967
1.17746
1.17542
1.27079
1.14442
1.16904
1.21583
1.25229
1.12129
1.19925
1.19704
1.18908
1.20362
1.191
1.52658
1.10258
1.18512
1.19942
1.19971
1.17892
1.40171
1.18692
1.18829
1.16792
1.19633
1.14783
1.31862
1.30308
1.18554
1.15225
1.20204
1.1815
1.17617
1.28204
1.33175
1.17017
1.16729
1.20746
1.17521
1.19067
1.22442
1.18067
1.20483
1.17263
1.19671
1.18396
1.1895
1.18388
1.17375
1.57396
1.06596
1.21475
1.17546
1.19783
1.41921
1.23417
1.12871
1.19983
1.18608
1.19213
1.177
1.424
1.19463
1.17396
1.189
1.18517
1.14813
1.19725
1.18775
1.381
1.18254
1.19654
1.20983
1.16304
1.1945
1.42637
1.16154
1.18196
1.21013
1.18129
1.16738
1.381
1.21962
1.18354
1.169
1.23604
1.15992
1.18467
1.39346
1.18912
1.19487
1.184
1.19962
1.16542
1.19663
1.40246
1.233
1.11675
1.20792
1.2075
1.165
1.20021
1.18246
1.41562
1.15533
1.19612
1.18517
1.185
1.21304
1.18171
1.416
1.17696
1.20267
1.17279
1.18917
1.19042
1.17983
1.38646
1.20046
1.1705
1.18133
1.17542
1.20471
1.41088
1.17429
1.18054
1.20096
1.17758
1.20225
1.18871
1.17892
1.39921
1.18438
1.21217
1.14504
1.19521
1.54683
1.11225
1.1255
1.17308
1.18088
1.19842
1.18792
1.46517
1.12183
1.18192
1.21825
1.17121
1.18604
1.17108
1.37454
1.19183
1.16938
1.22237
1.18133
1.15717
1.19767
1.1905
1.44004
1.15358
1.17417
1.22975
1.15638
1.18538
1.19329
1.49167
1.10058
1.18612
1.16529
1.19871
1.19858
1.35183
1.22304
1.203
1.173
1.18758
1.20362
1.17521
1.39279
1.21667
1.14458
1.19937
1.17375
1.20467
1.17883
1.45258
1.1185
1.19746
1.14708
1.18758
1.19117
1.19883
1.378
1.16942
1.18754
1.20292
1.16221
1.19583
1.21463
1.39508
1.18821
1.18521
1.19467
1.17767
1.18612
1.46558
1.13629
1.17263
1.18221
1.19013
1.16521
1.19067
1.19567
1.38821
1.19017
1.19792
1.18962
1.17496
1.20513
1.20213
1.14142
1.18687
1.18042
1.17296
1.18837
1.20033
1.18833
1.40825
1.21096
1.19167
1.19904
1.189
1.14892
1.40629
1.19342
1.19196
1.17721
1.20025
1.15942
1.22154
1.40958
1.16333
1.18729
1.18383
1.19192
1.19663
1.35958
1.21267
1.15138
1.19408
1.178
1.19083
1.18462
1.18413
1.52217
1.04529
1.18133
1.18092
1.18083
1.16613
1.42721
1.17767
1.16712
1.23983
1.15896
1.15837
1.18796
1.41346
1.19287
1.15746
1.21175
1.18275
1.19183
1.37538
1.42425
1.45304
1.18413
1.16217
1.21771
1.17263
1.45367
1.11267
1.23663
1.13787
1.19888
1.17625
1.23167
1.19063
1.18067
1.26
1.15475
1.19529
1.18458
1.23179
1.39787
1.20242
1.21033
1.17517
1.19258
1.17521
1.19492
1.49246
1.31792
1.05642
1.18992
1.19317
1.21804
1.89671
0.856375
1.12838
1.20525
1.19329
1.20238
1.28833
1.36333
1.19437
1.17258
1.19512
1.18225
1.34729
1.07638
1.45454
1.18812
1.18775
1.18642
1.65079
0.772125
1.33175
1.32771
1.20471
1.15787
1.19783
1.18317
1.20892
1.21667
1.191
1.18733
1.21575
1.18137
1.21817
1.22079
1.53533
1.13008
1.16779
1.18738
1.17733
1.26429
1.27662
1.13175
1.468
1.18233
1.16825
1.16721
1.20758
1.24358
1.21029
1.487
1.18658
1.15929
1.20863
1.21025
1.46817
1.25421
1.1915
1.18625
1.21367
1.23383
1.17337
1.40288
1.222
1.17613
1.17129
1.18996
1.2265
5.6965
8.49275
9.58042
2.68896
2.49604
1.67804
1.68687
1.54412
1.23658
1.83833
1.25087
1.19
1.18258
1.178
1.19371
1.81387
1.13412
1.20783
1.18304
1.18712
1.1805
1.20992
1.24767
1.19958
1.79317
1.11683
1.17325
1.16575
1.27425
1.17788
1.19463
1.72188
1.197
1.26017
1.21292
1.20013
1.19483
1.20083
1.65446
1.211
1.15887
1.19796
1.18546
1.19396
1.69383
1.21625
1.185
1.21233
1.17763
1.17404
1.18512
1.20396
1.19829
1.22133
1.16596
1.19275
1.20983
1.17571
1.19625
1.20971
1.17529
1.19496
1.19221
1.20575
1.17271
1.4595
1.21771
1.19792
1.17562
1.46067
1.2185
1.18033
1.17988
1.20775
1.18458
1.39396
1.215
1.12429
1.19729
1.23083
1.23929
1.12479
1.37208
1.17667
1.20904
1.19854
1.2015
1.19046
1.19312
1.385
1.15088
1.19296
1.19596
1.19592
1.18846
1.19817
1.38717
1.20129
1.181
1.17483
1.18629
1.18588
1.18321
1.20262
1.20083
1.20037
1.19458
1.18113
1.22558
1.13254
1.44529
1.46754
1.17283
1.18325
1.20008
1.15329
1.47588
1.19783
1.17675
1.21521
1.19279
1.18362
1.19358
1.17463
1.72642
1.20296
1.19117
1.19842
1.20767
1.14417
1.28546
1.29675
1.15912
1.19779
1.1685
1.19629
1.20375
1.27571
1.7055
1.20762
1.17088
1.19567
1.1605
1.71654
1.07946
1.18812
1.19421
1.18954
1.24196
1.17021
1.51808
1.18354
1.19033
1.22612
1.18879
1.16658
1.22804
1.47446
1.18967
1.18192
1.20767
1.20267
1.16554
1.40163
1.18604
1.2005
1.19137
1.22746
1.16583
1.19217
1.45821
1.20663
1.18225
1.18654
1.17592
1.25862
1.10467
1.43671
1.19033
1.18246
1.19983
1.17037
1.207
1.43442
1.16717
1.18317
1.18108
1.20942
1.29604
1.04675
1.22437
1.18546
1.174
1.19875
1.1895
1.19388
1.17575
1.19179
1.40679
1.17829
1.19758
1.20513
1.21758
1.11679
1.20037
1.44388
1.17446
1.18775
1.21688
1.18325
1.18237
1.39696
1.18888
1.17867
1.21196
1.20188
1.17958
1.20358
1.19388
1.19229
1.36771
1.21617
1.20167
1.19171
1.19883
1.41829
1.16075
1.22696
1.20117
1.16925
1.18454
1.42225
1.16192
1.18962
1.17288
1.1905
1.26629
1.14925
1.18637
1.16675
1.27421
1.31375
1.18721
1.19746
1.19575
1.37408
1.20704
1.16054
1.18433
1.34321
7.66312
1.30896
1.48554
1.18154
1.42829
1.18308
1.19692
1.21671
1.20158
1.18046
1.36833
1.1715
1.23246
1.16075
1.18933
1.182
1.17413
1.18833
1.19663
1.44217
1.18383
1.18254
1.19137
1.21833
1.186
1.17183
1.55979
1.18683
1.25104
1.14521
1.18438
1.40367
1.19292
1.21217
1.18654
1.17967
1.18733
1.37867
1.19521
1.24208
1.13154
1.22296
1.17617
1.18325
1.18658
1.20825
1.39758
1.18912
1.17733
1.17863
1.21625
1.20121
1.39392
1.18142
1.19317
1.224
1.16683
1.17404
1.40654
1.19104
1.19487
1.18229
1.19296
1.19046
1.20346
1.21292
1.345
1.22871
1.17642
1.18442
1.23379
1.47458
1.10813
1.15542
1.22425
1.18267
1.19654
1.21837
1.21942
1.35117
1.19608
1.19921
1.1995
1.17642
1.1835
1.3885
1.19133
1.19875
1.17608
1.16617
1.18779
1.18763
1.4355
1.16642
1.20767
1.19483
1.17487
1.23058
1.18171
1.41946
1.17575
1.18875
1.19788
1.24537
1.13404
1.18196
1.17996
1.54408
1.17404
1.17796
1.18179
1.21079
1.39221
1.20575
1.18917
1.20621
1.20713
1.16804
1.18129
1.44783
1.15187
1.18621
1.20942
1.17671
1.16696
1.44279
1.15638
1.17179
1.18083
1.21942
1.18712
1.17533
1.39208
1.16996
1.21596
1.17142
1.22383
1.23308
1.09592
1.423
1.18067
1.17917
1.17479
1.20683
1.18242
1.20696
1.36996
1.19117
1.18108
1.20208
1.18029
1.18217
1.18233
1.36146
1.17771
1.20892
1.17217
1.17554
1.19921
1.18504
1.39621
1.18117
1.18733
1.19783
1.18962
1.18775
1.31204
1.29025
1.175
1.20975
1.18246
1.19358
1.17875
1.43017
1.14562
1.19042
1.1915
1.16404
1.21042
1.16288
1.20021
1.37896
1.18775
1.19454
1.18467
1.24854
1.09679
1.216
1.15883
1.2085
1.23388
1.26521
1.19229
1.18354
1.18063
1.18354
1.30317
1.62196
1.21592
1.23367
1.15088
1.49521
1.18992
1.20954
1.195
1.21904
1.12642
1.35742
1.30625
1.20833
1.181
1.20988
1.21663
1.13187
1.34833
1.19771
1.19317
1.19896
1.20483
1.19808
1.16867
1.38304
1.18117
1.18988
1.17413
1.19442
1.19463
1.1635
1.42017
1.16763
1.19487
1.17225
1.18804
1.19708
1.19637
1.43404
1.1735
1.18837
1.19954
1.17108
1.19554
1.13567
1.41921
1.20492
1.16846
1.18462
1.19971
1.17404
1.228
1.19946
1.42721
1.13375
1.20225
1.26729
1.10733
1.19854
1.40896
1.20479
1.15792
1.16492
1.1875
1.24321
1.37167
1.18429
1.1755
1.23567
1.19921
1.18442
1.20483
1.40933
1.19925
1.16058
1.201
1.171
1.18321
1.36908
1.23163
1.19183
1.18575
1.189
1.18375
1.20467
1.50604
1.0825
1.18946
1.17704
1.19188
1.17687
1.19983
1.18438
1.36475
1.19183
1.17883
1.2135
1.23946
1.12621
1.4165
1.19754
1.19608
1.19196
1.21421
1.18996
1.17696
1.36617
1.22717
1.16508
1.21175
1.17788
1.17275
1.23871
1.35858
1.18946
1.19225
1.21067
1.2175
1.16675
1.2845
1.26567
1.19563
1.18042
1.213
1.17871
1.18362
1.18817
1.18383
1.39633
1.20262
1.17779
1.19775
1.19717
1.49971
1.07187
1.19596
1.18558
1.19312
1.24521
1.13329
1.19242
1.18575
1.20338
1.18521
1.17417
1.23671
1.14583
1.19213
1.18142
1.44942
1.14958
1.20142
1.1935
1.18904
1.41917
1.20287
1.17325
1.18392
1.20637
1.22404
1.13513
1.39454
1.205
1.17258
1.21254
1.20871
1.17071
1.15721
1.43421
1.16362
1.18975
1.20362
1.33088
1.03867
1.17171
1.188
1.17746
1.21221
1.18967
1.23754
1.18133
1.20104
1.38038
1.23346
1.19246
1.17588
1.19454
1.18712
1.18842
1.62325
1.20262
1.20242
1.18696
1.16304
1.21492
1.98704
1.19471
1.203
1.21863
1.46113
0.9315
2.16508
1.0785
1.18296
1.17267
1.195
1.17292
1.23025
2.21775
1.0845
1.18433
1.20242
1.20296
1.19858
2.14233
1.18792
1.18175
1.21992
1.18687
1.16538
2.11108
1.20513
1.17375
1.20863
1.17938
1.19888
1.23237
1.19021
1.18367
1.18675
1.19796
1.15879
1.18417
1.29671
1.97337
1.20129
1.20583
1.175
1.16763
2.12062
1.18883
1.24158
1.14921
1.19904
1.16925
1.19658
2.11279
1.17842
1.19904
1.22604
1.17417
1.1905
2.09004
1.20742
1.17796
1.19521
1.18037
1.17246
2.08763
1.21333
1.18079
1.19942
1.16471
1.15917
2.08121
1.20546
1.18654
1.17267
1.20675
1.16546
1.20437
1.17929
1.20492
1.17692
1.20529
1.21262
1.18821
1.15404
2.09521
1.18358
1.211
1.18496
1.20238
1.20717
1.18521
1.17621
1.18375
1.207
1.18746
1.18917
1.17375
1.88083
1.18554
1.19525
1.16967
1.24996
1.13279
1.77596
1.186
1.1765
1.23158
1.21425
1.13396
1.18696
1.19333
1.18996
1.76504
1.17704
1.19642
1.19404
1.18817
1.35096
1.55979
1.18917
1.18738
1.201
1.20671
1.18304
1.71267
1.19167
1.20783
1.1835
1.19129
1.19017
1.75
1.14387
1.19375
1.18092
1.18462
1.19417
1.69738
1.21971
1.14312
1.18721
1.19325
1.19679
1.18888
1.18933
1.70671
1.18462
1.19979
1.18458
1.19521
1.18929
1.7085
1.20821
1.15275
1.19875
1.15125
1.19612
1.20983
1.18383
1.74792
1.18267
1.22833
1.13808
1.19429
1.19217
1.71804
1.194
1.18458
1.19388
1.21579
1.687
1.19487
1.18438
1.18446
1.18721
1.29767
1.10113
1.70008
1.20238
1.20342
1.17108
1.19679
1.16454
1.18258
1.18996
1.72592
1.20121
1.16712
1.19463
1.18646
1.71479
1.20479
1.17842
1.20421
1.16792
1.1875
1.67971
1.22675
1.12804
1.19929
1.18462
1.20392
1.18808
1.18883
1.70237
1.2185
1.16362
1.23017
1.13279
1.19571
1.17867
1.72175
1.21467
1.15687
1.18988
1.20108
1.72783
1.17925
1.18421
1.16908
1.18829
1.19183
1.17442
1.2015
1.71283
1.19092
1.17467
1.21475
1.16779
1.19213
1.71579
1.19733
1.17092
1.19783
1.18121
1.17875
1.73083
1.20108
1.16929
1.18983
1.17146
1.19287
1.24096
1.18408
1.22458
1.17783
1.18854
1.22562
1.13571
1.21504
1.18804
1.19354
1.52029
1.20529
1.29554
1.24304
1.71883
0.870875
1.1695
1.19617
1.22667
1.21983
1.1245
1.61267
1.12892
1.17683
1.17533
1.2615
1.10429
1.466
1.25337
1.22008
1.21167
1.16763
1.16512
1.19388
1.34792
1.08279
1.471
1.21242
1.15696
1.25025
1.13213
1.54542
1.146
1.21667
1.20262
1.17008
1.21754
1.22304
1.48558
1.202
1.16983
1.19058
1.17458
1.34554
1.42629
1.15408
1.16933
1.18758
1.18058
1.22854
1.38617
1.29296
1.18292
1.18558
1.20879
1.18908
1.18642
1.37829
1.332
1.19063
1.20433
1.18329
1.16004
1.66854
0.837
1.46167
1.18108
1.19708
1.20821
1.18575
1.21363
1.24842
1.5235
1.12279
1.16646
1.18937
1.22417
1.16554
1.55658
1.20642
1.17029
1.18738
1.17588
1.22629
1.23729
1.46375
1.17637
1.21104
1.19162
1.18454
1.20304
1.65008
1.088
1.17121
1.19158
1.16033
1.22437
1.27125
1.16892
1.43375
1.20958
1.16392
1.19
1.19567
1.62225
1.12129
1.17229
1.18554
1.19133
1.23229
1.14062
1.18025
1.18792
1.18283
1.47579
1.29746
1.17354
1.18325
1.56667
1.11004
1.22529
1.26554
1.18213
1.19762
1.15471
1.45796
1.18388
1.20229
1.30775
1.17471
1.16925
1.25421
1.42604
1.20008
1.28458
1.14963
1.17379
1.19604
1.15379
1.19804
1.58783
1.16738
1.15858
1.21129
1.19946
1.46463
1.20321
1.26413
1.16417
1.17079
1.16867
1.18029
1.46108
1.21871
1.20204
1.22754
1.27558
1.10337
1.1985
1.46429
1.18504
1.24467
1.20596
1.17992
1.18246
1.19213
1.44675
1.20496
1.26092
1.18954
1.19437
1.18058
1.47146
1.16092
1.18633
1.26475
1.17429
1.20396
1.59246
1.07429
1.20167
1.17942
1.17792
1.24775
1.13021
1.4165
1.1685
1.18837
1.21192
1.19983
1.171
1.23938
1.22796
1.17321
1.16792
1.23187
1.17925
1.27554
1.15858
1.18629
1.19908
1.46021
1.20429
1.41796
1.03846
1.19754
1.46446
1.18512
1.19804
1.17492
1.30988
1.05571
1.21725
1.46733
1.20075
1.19783
1.18888
1.17929
1.21833
1.18888
1.18025
1.19142
1.188
1.18617
1.30383
1.13725
1.18992
1.179
1.21313
1.43946
1.18604
1.18896
1.17546
1.31454
1.14613
1.16771
1.20287
1.17896
1.269
1.20704
1.50158
1.18583
1.21017
1.16408
1.16633
1.2695
1.21708
1.18321
1.19708
1.20192
1.20171
1.31917
1.04942
1.18267
1.46929
1.19492
1.21213
1.17417
1.24412
1.21913
1.16975
1.18388
1.18354
1.20179
1.27317
1.22254
1.10213
1.32071
1.34033
1.20142
1.20162
1.19117
1.18171
1.1685
1.18179
1.17417
1.19396
1.22138
1.19408
1.18213
1.17329
1.45625
1.19283
1.21962
1.24438
1.18837
1.17888
1.20142
1.48867
1.21296
1.29104
1.16187
1.20054
1.15067
1.21425
1.51242
1.18162
1.22008
1.18279
1.17888
1.18983
1.18304
1.19529
1.18017
1.63667
1.04429
1.17538
1.18712
1.2085
1.20967
1.45204
1.36013
1.09725
1.19571
1.1985
1.20254
1.16417
1.47683
1.19875
1.23021
1.14767
1.17783
1.21658
1.38513
1.22788
1.20154
1.19125
1.17942
1.43642
1.18879
1.18954
1.20379
1.18863
1.20971
1.17117
1.19112
1.18058
1.17629
1.21475
1.18379
1.18812
1.18342
1.18675
1.19829
1.18546
1.49896
1.18317
1.20367
1.2005
1.44287
1.16117
1.16029
1.23079
1.20954
1.168
1.17521
1.1785
1.39908
1.2015
1.19508
1.23958
1.14738
1.19079
1.18637
1.39196
1.18767
1.20021
1.17592
1.20325
1.29063
1.27838
1.18029
1.17833
1.19142
1.19962
1.16817
1.40817
1.17021
1.16246
1.22208
1.20621
1.17483
1.18179
1.19133
1.18771
1.40333
1.18788
1.19371
1.20946
1.19567
1.17821
1.19575
1.19792
1.19096
1.20546
1.17312
1.19083
1.19463
1.17783
1.43837
1.19433
1.20583
1.18058
1.20283
1.20071
1.19013
1.20383
1.16621
1.20617
1.18425
1.19379
1.16967
1.18317
1.20854
1.19692
1.18042
1.18538
1.2015
1.19521
1.21188
1.17575
1.2095
1.18733
1.18492
1.18088
1.21542
1.20996
1.19146
1.172
1.2705
1.12517
1.21796
1.18075
1.20238
1.18883
1.18721
1.24679
1.13554
1.19325
1.17938
1.19146
1.19875
1.19179
1.26117
1.13538
1.18067
1.18037
1.18458
1.20108
1.18592
1.25429
1.12567
1.209
1.16604
1.20879
1.22396
1.18096
1.25812
1.11954
1.20583
1.18408
1.21933
1.19517
1.21475
1.23004
1.14396
1.19221
1.17825
1.21846
1.16408
1.19563
1.26796
1.12979
1.16975
1.20621
1.1955
1.16908
1.30196
1.12542
1.13346
1.18988
1.47579
1.17446
1.19429
1.20379
1.17392
1.16921
1.21292
1.17263
1.24725
1.16829
1.20767
1.17446
1.16921
1.23313
1.35987
2.16467
1.16371
1.16846
1.17796
1.62875
1.2995
1.20829
1.19383
1.19283
1.34275
1.096
1.66954
1.17283
1.19542
1.19571
1.20479
1.19383
1.31204
1.11013
1.174
1.47313
1.20271
1.5125
0.934208
1.21138
1.16979
1.45729
1.17979
1.19446
1.19471
1.21813
1.21521
1.38479
1.20717
1.20571
1.55963
0.883083
1.19525
1.16638
1.17837
1.45063
1.19712
1.26892
1.18438
1.21437
1.18379
1.49892
1.13987
1.15817
1.34846
1.14633
1.17233
1.19542
1.17354
1.19088
1.23762
1.36896
0.993042
1.20937
1.17017
1.47225
1.18779
1.20458
1.22321
1.21433
1.44233
1.17863
1.21054
1.15892
1.66162
0.806625
1.19521
1.45379
1.19621
1.19592
1.16313
1.20933
1.32946
1.14163
1.19279
1.19912
1.19679
1.46529
0.959625
1.17167
1.18708
1.18821
1.54675
1.14971
1.18438
1.22379
1.18504
1.39867
1.03167
1.17133
1.17992
1.191
1.23058
1.19563
1.45383
1.1965
1.16871
1.18658
1.56521
0.888084
1.19446
1.46779
1.17333
1.20013
1.1865
1.18162
1.33054
5.07171
3.65133
6.01992
30.8405
1.19533
1.49592
1.58029
1.62637
1.45992
1.66571
1.20933
1.25517
1.56404
1.15646
1.08308
1.0005
1.04725
0.989833
0.976084
0.96575
0.894416
0.889917
0.893708
0.885958
0.899167
0.910542
0.920583
0.866125
0.80475
0.76225
0.758292
0.757375
1.33979
0.753084
0.756166
0.746292
0.763083
0.724291
0.753541
1.07025
0.704666
0.713875
0.7405
0.72775
0.72625
0.731416
0.731041
0.729584
0.715125
0.750333
1.00483
0.756291
0.713625
0.725917
0.732292
0.742542
0.722583
0.756583
0.723709
0.723208
0.715209
0.74525
0.733667
0.742792
0.962292
0.746625
0.726042
0.739667
0.72175
0.737291
0.745458
0.723667
0.922541
0.762416
0.719833
0.75175
0.725
0.734958
0.727417
0.764875
0.712333
0.71875
0.736459
0.733583
0.729292
0.731875
0.961208
0.743167
0.714167
0.740041
0.728209
0.780666
0.672
0.738459
0.72825
0.736917
0.94875
0.739708
0.815167
0.655167
0.728333
0.724375
0.796167
0.745875
0.647458
0.78575
0.94625
0.714666
0.728792
0.733667
0.7325
0.7365
0.721875
0.73025
0.732209
0.74175
0.936792
0.727667
0.745375
0.7425
0.711
0.730625
0.745708
0.724792
0.735125
0.730542
0.737625
0.732375
0.75625
0.722125
0.934542
0.728792
0.728917
0.744791
0.739833
0.7485
0.7255
0.75375
0.71825
0.73775
0.732958
0.924167
0.72675
0.737459
0.745208
0.811
0.648458
0.715583
0.747334
0.738833
1.02342
0.736708
0.730583
0.723625
0.731958
0.763334
0.729083
0.740417
0.721916
0.738958
0.713542
0.756166
0.738709
0.926375
0.735334
0.735083
0.737875
0.728
0.753125
0.714958
0.747334
0.898417
0.801458
0.737958
0.724542
0.731292
0.734958
0.745375
0.742209
0.761
0.705458
0.763916
0.685209
1.03725
0.735792
0.721083
0.734208
0.737667
0.751417
0.707042
0.747667
0.735791
0.736458
1.00017
0.730042
0.728792
0.740417
0.718542
0.734583
0.731792
0.746125
0.718
0.726875
0.762334
0.771167
0.90975
0.737458
0.754916
0.714
0.724417
0.729208
0.756459
0.7105
0.737791
0.730791
1.14163
0.582875
0.703459
0.731041
0.734209
0.746625
0.724916
0.749166
0.718084
0.730083
0.725833
0.735459
0.735625
0.715583
1.00396
0.683625
0.731834
0.742458
0.719583
0.731167
0.727833
0.740833
0.74575
0.719125
0.745709
0.941791
0.735958
0.721917
0.867875
0.747458
0.710417
0.728416
0.7375
0.735958
0.939208
0.725291
0.734375
0.745833
0.761792
0.695709
0.722916
0.73575
0.731833
0.736667
0.72525
0.938583
0.734875
0.731833
0.761417
0.71175
0.747875
0.749084
0.714083
0.729667
0.716167
0.73375
0.95325
0.706333
0.750583
0.718
0.744167
0.722792
0.740041
0.719
0.728166
0.721875
0.729292
0.919833
0.752708
0.730125
0.743875
0.718458
0.724042
0.742375
0.733334
0.762958
0.709084
0.729917
0.727333
0.7255
0.741167
0.974083
0.728083
0.732709
0.722042
0.726667
0.792667
0.670833
0.729583
0.984584
0.718125
0.728
0.725292
0.720292
0.7595
0.713375
0.746875
0.756125
0.669792
0.728583
0.738541
0.737667
0.734792
0.949792
0.718167
0.722167
0.760167
0.744541
0.71525
0.73925
0.738416
0.738084
0.937416
0.725584
0.735833
0.718792
0.736708
0.723041
0.76
0.735125
0.698708
0.727917
0.731416
0.737375
0.727041
0.972542
0.743333
0.708625
0.71925
0.726875
0.737459
0.729917
0.732083
0.718416
0.972083
0.730167
0.711833
0.74525
0.748708
0.722625
0.736792
0.709084
0.731958
0.710917
0.742958
0.741875
0.935458
0.728917
0.752333
0.708958
0.744292
0.728
0.738625
0.731125
0.733
0.745583
0.724292
0.740583
0.744167
0.931417
0.744083
0.73
0.750041
0.727709
0.723416
0.738375
0.726583
0.924209
0.751541
0.733209
0.744083
0.716375
0.74475
0.704708
0.756875
0.71325
0.742333
0.718917
0.946542
0.735125
0.716208
0.749667
0.725792
0.720375
0.74575
0.718625
0.713875
0.757458
0.728083
0.738917
0.760208
0.704959
0.93375
0.747625
0.734458
0.726958
0.750417
0.737791
0.723125
0.727333
0.741166
0.731292
0.829667
0.863083
0.71925
0.725708
0.737667
0.724375
0.787875
0.680167
0.744042
0.719125
0.94675
0.720209
0.732875
0.727
0.733
0.72825
0.731209
0.72625
0.729125
0.751042
0.822833
0.831916
0.732125
0.727625
0.738833
0.718959
0.727792
0.7465
0.722583
0.729209
0.727542
0.733833
0.729
1.00679
0.706792
0.929167
0.716708
0.723584
0.74375
0.794833
0.64825
0.74125
0.727625
0.728167
0.735042
0.942708
0.738667
0.732959
0.716417
0.733667
0.735916
0.730541
0.730875
0.737
0.732458
0.741541
0.936
0.740333
0.749459
0.707208
0.727
0.735583
0.72975
0.736667
0.716084
0.933875
0.775833
0.696166
0.734666
0.725458
0.760333
0.745667
0.7205
0.719833
0.725958
0.727666
0.924375
0.732125
0.738875
0.731833
0.728125
0.719167
0.7335
0.727375
0.732458
0.733125
0.738
0.726292
0.732583
0.744542
0.961625
0.74025
0.702458
0.739834
0.737791
0.7135
0.740583
0.77175
0.933333
0.665333
0.728042
0.772292
0.708917
0.743375
0.722292
0.747875
0.683167
0.748708
0.730834
0.733916
0.739041
0.909916
0.772042
0.749542
0.712542
0.723458
0.74
0.72425
0.75525
0.733667
1.10142
0.636583
0.652167
0.75275
0.730542
0.739375
0.726167
0.734416
0.736166
0.7145
0.737667
0.968083
0.7115
0.724875
0.751458
0.712417
0.74375
0.816291
0.63775
0.781334
0.6795
0.726041
0.998333
0.782292
0.7095
0.917
0.683209
0.746542
0.715375
0.748167
0.720291
0.741709
0.723625
0.740083
0.728042
0.753583
0.932667
0.759042
0.704209
0.744708
0.736958
0.709584
0.854
0.645291
0.968292
0.702333
0.717791
0.754625
0.719208
0.720292
0.744667
0.74825
0.769125
0.677167
0.735667
1.00804
0.66875
0.716167
0.724792
0.743125
0.732417
0.739917
0.726625
0.801667
0.654291
0.73725
0.745666
0.953584
0.683333
0.748459
0.737125
0.724417
0.75775
0.728
0.734167
0.735416
0.732042
0.717375
1.05038
0.725667
0.737875
0.714042
0.735958
0.732209
0.7325
0.725208
0.729375
0.869625
0.718834
0.721958
0.728541
0.722958
0.7315
0.822125
1.04542
0.698458
0.883709
0.725875
0.698458
0.703625
0.753125
1.26821
0.765042
0.743542
0.694125
0.759292
0.720958
0.757125
0.751042
0.713917
0.74275
1.04462
0.760958
0.743416
0.766584
0.703083
0.744542
0.731167
0.750708
0.694917
0.753833
1.09325
0.707875
0.768834
0.714958
0.742459
0.718083
0.736875
0.77275
0.674875
0.748875
0.73925
0.753625
0.725667
0.749208
0.74425
0.73825
0.72675
0.736083
0.760916
0.722542
0.719875
1.03283
0.930709
0.645708
0.695042
0.762416
0.819
0.6995
0.724666
0.804208
0.673333
0.72775
0.736041
1.40704
0.737583
0.73225
0.732667
0.747042
0.722417
0.752958
0.715583
0.768458
0.737125
1.04146
0.741875
0.732042
0.724666
0.736875
0.764709
0.715917
0.729125
0.757333
0.744209
0.7545
0.721833
0.747167
0.719125
0.745667
0.711416
0.727667
0.739208
0.734416
0.715084
0.728208
0.743667
0.730625
1.09833
0.71825
0.739334
0.738333
0.755167
0.753458
0.71525
0.728
0.72325
0.734583
1.00038
0.72625
0.752125
0.711625
0.76475
0.705
0.739125
0.729833
0.728625
0.728333
0.73375
0.982666
0.755709
0.718083
0.731084
0.743291
0.742334
0.693833
0.735042
0.720833
0.731209
0.733625
0.946041
0.74525
0.728875
0.723125
0.770792
0.715084
0.736667
0.720542
0.728208
0.735334
0.736958
0.935292
0.730667
0.732583
0.763583
0.714209
0.720458
0.741375
0.720416
0.726083
0.730458
0.742625
0.734917
0.719
0.886167
0.8135
0.722417
0.737917
0.723875
0.74825
0.743292
0.712834
0.738042
0.914292
0.777208
0.710833
0.72775
0.732833
0.76175
0.702666
0.730542
0.796542
0.71575
0.685792
0.935958
0.754375
0.708458
0.7295
0.732375
0.736584
0.743667
0.740833
0.77025
0.675584
0.727417
1.02762
0.68525
0.725875
0.737166
0.7615
0.727041
0.726792
0.723167
0.744958
0.743041
0.873375
0.726791
0.7435
0.720875
0.735333
0.728458
0.730125
0.738916
0.742125
0.77025
0.871459
0.746791
0.722125
0.735417
0.740667
0.724292
0.858458
0.888083
0.741542
0.734625
0.792666
0.668958
0.866458
0.648334
0.998041
0.732708
0.7355
0.758084
0.70275
0.739166
0.7345
0.783041
0.645375
0.735834
0.749417
0.721833
0.723209
0.97275
0.727458
0.743375
0.719625
0.733708
0.79925
0.685875
0.717959
0.720208
0.954375
0.748083
0.726167
0.726125
0.730209
0.742333
0.726917
0.737375
0.724542
0.740792
0.937583
0.751709
0.734375
0.7295
0.710917
0.736959
0.750166
0.72675
0.72175
0.818875
0.655416
0.92425
0.758625
0.727834
0.723083
0.738584
0.7265
0.736375
0.734459
0.731
0.725917
0.737875
0.714375
0.738792
0.721667
0.744792
0.957625
0.726
0.727041
0.729459
0.739458
0.899459
0.61575
0.918833
0.954417
0.745291
0.719875
0.768167
0.704792
0.739292
0.726083
0.718625
0.713208
0.733167
0.735208
0.728667
0.74075
0.943292
0.726084
0.737708
0.756542
0.713958
0.755208
0.717584
0.7295
0.723375
0.760041
0.749458
0.91025
0.79175
0.677291
0.764166
0.711875
0.733958
0.778833
0.683709
0.740458
0.999375
0.737042
0.735
0.720875
0.734542
0.750792
0.744333
0.704542
0.74625
0.704125
0.879291
0.7875
0.742458
0.748167
0.723709
0.734458
0.735167
0.723542
0.74225
0.721833
0.726042
0.739584
0.924667
0.747708
0.71475
0.730708
0.748041
0.732541
0.726459
0.748917
0.737666
0.710625
0.748791
0.92125
0.779375
0.727458
0.715125
0.73925
0.738708
0.715292
0.7615
0.728208
0.72225
0.719875
0.966125
0.73575
0.7175
0.734541
0.738917
0.747792
0.7155
0.733917
0.740375
0.708625
0.748625
0.932875
0.730167
0.729292
0.753833
0.713709
0.739792
0.734791
0.730208
0.75825
0.729042
0.736667
0.77125
0.726416
0.706792
0.728792
0.726708
0.744083
0.741584
0.73325
0.771959
0.714958
0.690792
0.740875
0.993125
0.740458
0.728792
0.739375
0.733875
0.732042
0.735083
0.727542
0.729792
0.73825
0.955875
0.710209
0.732167
0.740875
0.859917
0.642708
0.991375
0.681667
0.724375
0.745625
0.724625
0.736458
0.741542
0.742667
0.724958
0.76225
0.954958
0.72775
0.72825
0.734792
0.756
0.719
0.944459
0.760791
0.7215
0.729708
0.767167
0.685583
0.728875
0.755959
0.915166
0.6615
0.910916
0.951916
0.751084
0.723917
0.72925
0.709042
0.771125
0.697958
0.7525
0.716125
0.726209
0.729583
0.743458
0.729875
0.944667
0.752917
0.725833
0.723417
0.731167
0.731667
0.725917
0.735041
0.731125
0.748083
0.723333
0.728167
0.94
0.738125
0.730416
0.729375
0.758625
0.722708
0.721083
0.777959
0.918208
0.759917
0.726583
0.731708
0.708375
0.751334
0.704583
0.743166
0.7105
0.734
0.737
0.72575
0.735
1.00883
0.696083
0.719625
0.756541
0.715
0.731291
0.807833
0.655542
0.742791
0.728458
0.742542
0.943
0.749667
0.754
0.716541
0.733083
0.733292
0.802042
0.717375
0.688125
0.730209
0.939292
0.735458
0.742917
0.774833
0.68075
0.732667
0.751
0.773
0.819833
0.691333
1.12867
0.735958
0.726625
0.735333
0.732625
0.718125
0.732667
0.745542
0.709
0.73125
0.741792
0.736958
0.735
0.72725
0.945375
0.734834
0.74775
0.741125
0.7165
0.72375
0.726917
0.75275
0.733125
0.74025
0.985667
0.689958
0.74225
0.721459
0.74425
0.729209
0.738958
0.714042
0.729416
0.987833
0.7175
0.724167
0.733167
0.73475
0.729709
0.771792
0.721875
0.786291
0.667
0.728958
0.94525
0.747709
0.719875
0.737708
0.7245
0.739917
0.723833
0.730917
0.803709
0.7065
0.744791
0.735833
0.727
0.734417
0.729125
0.731084
0.732375
0.772583
0.699
0.728916
0.727792
0.737625
0.724667
0.736375
0.724166
0.792958
0.981375
0.709709
0.719041
0.735791
0.73975
0.721041
0.813334
0.660333
0.973333
0.796709
0.689458
0.74175
0.7725
0.679292
0.743584
0.73375
0.740791
0.733458
0.711542
0.967917
0.729083
0.743666
0.736167
0.773542
0.674708
0.73325
0.753208
0.733709
0.717541
0.7205
0.950416
0.730291
0.742167
0.740333
0.73425
0.74575
0.726833
0.72275
0.71425
0.727083
0.727958
0.731375
0.734
0.915542
0.74475
0.750084
0.722083
0.742292
0.711875
0.725375
0.735375
0.7355
0.939042
0.731708
0.732667
0.741375
0.726958
0.758375
0.718833
0.730166
0.72175
0.723167
0.737666
0.926292
0.766959
0.721375
0.7175
0.740916
0.724458
0.727667
0.729
0.729458
0.723292
0.730875
0.750417
0.720708
0.743167
0.941042
0.73625
0.719542
0.7315
0.721209
0.805042
0.658666
0.735834
1.00412
0.675
0.754458
0.713959
0.745375
0.7265
0.741958
0.724084
0.790416
0.679416
0.715625
0.96125
0.725542
0.731917
0.733833
0.718084
0.750375
0.707708
0.758291
0.719209
0.723208
0.744292
0.723542
0.72925
0.742792
0.755708
0.931875
0.723375
0.728875
0.753
0.733958
0.727041
0.743666
0.711458
0.73425
0.952209
0.764042
0.720333
0.725292
0.763708
0.707667
0.71975
0.715083
0.731
0.728791
0.730834
0.738583
0.719584
1.01775
0.666417
0.7285
0.741542
0.718417
0.733125
0.725167
0.732834
0.943625
0.734667
0.72775
0.735834
0.738333
0.711125
0.750208
0.723875
0.732042
0.727084
0.735917
0.742458
0.707333
0.942083
0.744625
0.72675
0.740792
0.729917
0.732708
0.735958
0.711417
0.740083
0.721041
0.748084
0.829166
0.83475
0.74425
0.733667
0.718958
0.732125
0.726792
0.743041
0.722292
0.751083
0.7265
1.01104
0.661875
0.742542
0.724292
0.744833
0.717
0.72625
0.72675
0.738666
0.749791
0.735166
1.00525
0.66225
0.733792
0.739542
0.753583
0.726041
0.744583
0.712542
0.740541
0.733166
0.735834
0.941833
0.752833
0.7125
0.732167
0.724416
0.740125
0.768042
0.682542
0.7345
0.734333
0.843625
0.84025
0.726791
0.739542
0.718208
0.735916
0.725209
0.812083
0.645083
0.728542
0.740334
0.741667
0.733125
0.941458
0.739417
0.733125
0.7235
0.735708
0.73125
0.727375
0.7385
0.72575
0.742041
0.7245
0.943417
0.815375
0.660542
0.757167
0.714
0.736875
0.726584
0.727958
0.73525
0.916417
0.757084
0.728833
0.727917
0.730958
0.742292
0.732666
0.726875
0.71425
0.724875
0.731042
0.935417
0.759792
0.725875
0.730459
0.728667
0.744208
0.713166
0.73375
0.737958
0.717084
0.737
0.728792
0.728292
0.747375
0.934333
0.741416
0.733708
0.720834
0.727458
0.731958
0.729042
0.749
0.716875
0.7345
0.932583
0.763208
0.712375
0.749834
0.718208
0.732458
0.725042
0.733708
0.727041
0.734625
0.746042
0.966625
4.48962
