4.41654
6.80642
3.89771
2.45021
2.54954
1.72254
1.79742
1.47004
1.39625
1.25925
1.92271
1.18438
1.21363
1.27871
1.25904
1.77988
1.33967
1.26487
1.27054
1.26217
1.25962
1.85892
1.25296
1.26983
1.24913
1.27317
1.26392
1.769
1.29054
1.28146
1.22962
1.27158
1.24929
1.56825
1.24917
1.25008
1.28254
1.24758
1.26804
1.23862
1.2705
1.54525
1.26879
1.24679
1.25821
1.258
1.25425
1.48446
1.254
1.25583
1.32567
1.22504
1.47754
1.28929
1.25108
1.23721
1.29713
1.22942
1.25608
1.27454
1.55008
1.20892
1.24504
1.28133
1.27075
1.2465
1.26046
1.50842
1.255
1.25192
1.34025
1.28692
1.83896
1.23371
1.26188
1.27687
1.24921
1.72583
1.10967
1.28954
1.26675
1.26212
1.24979
1.24408
1.26012
1.26421
1.5655
1.26483
1.27321
1.25758
1.43775
1.28121
1.22942
1.25783
1.33671
1.19367
1.28108
1.27417
1.27112
1.48983
1.25467
1.27308
1.22862
1.48779
1.25671
1.25183
1.23342
1.29854
1.22267
1.55858
1.14138
1.27396
1.26133
1.25617
1.28583
1.25221
1.253
1.27033
1.48204
1.29796
1.23275
1.25092
1.46317
1.27287
1.282
1.2625
1.266
1.26471
1.26567
1.46792
1.27583
1.27275
1.27292
1.26054
1.25204
1.25067
1.51583
1.21529
1.28408
1.24621
1.2605
1.25879
1.26775
1.55904
1.15821
1.301
1.29375
1.21363
1.52363
1.24992
1.26012
1.23292
1.35342
1.20633
1.24187
1.52483
1.28646
1.235
1.27887
1.26542
1.28437
1.74508
1.20167
1.25725
1.27375
1.35383
1.17925
1.41621
1.41125
1.24729
1.25383
1.24858
1.34271
1.23058
1.55554
1.235
1.28371
1.25892
1.28462
1.29579
1.56579
1.20229
1.26263
1.25592
1.25921
1.32067
1.35525
1.47092
1.26942
1.24554
1.26308
1.34342
1.26046
1.545
1.26887
1.27554
1.24575
1.27646
1.28025
1.73333
1.10683
1.24463
1.28504
1.25633
1.27633
1.31004
1.60117
1.25517
1.31175
1.28754
1.32621
1.62421
1.18896
1.27588
1.28267
1.28458
1.29529
1.22825
1.56442
1.26946
1.27754
1.28587
1.36846
1.19021
1.54287
1.24167
1.27971
1.27746
1.25629
1.25042
1.48167
1.34508
1.19204
1.31154
1.25575
1.29421
1.2855
1.63425
1.20771
1.32846
1.42792
1.14554
1.28708
1.23621
1.63192
1.35492
1.30146
1.19471
1.27913
1.31171
1.53171
1.31983
1.31958
1.28483
1.26604
1.36558
1.48425
1.28796
1.56996
1.06604
1.28742
1.25271
1.51937
1.31425
1.40271
1.19592
1.28925
1.26308
1.51442
1.422
1.40463
1.25921
1.335
1.18342
1.24246
1.57817
1.29046
1.37117
1.24342
1.24675
1.32325
1.52508
1.26121
1.41863
1.20154
1.2725
1.26192
1.57196
1.28271
1.63804
0.994333
1.28838
1.23979
1.29313
1.26413
1.63021
1.37679
1.32696
1.23121
1.27179
1.60537
1.25138
1.40479
1.26079
1.23521
1.34067
1.50542
1.36071
1.36104
1.18321
1.27325
1.25217
1.55875
1.27229
1.43492
1.19246
1.27496
1.26029
1.55208
1.29425
1.34133
1.27033
1.32412
1.18712
1.31412
1.62179
1.26971
1.26758
1.30767
1.3975
1.40571
1.37654
1.23817
1.2915
1.27071
1.29346
1.24946
1.35808
1.59954
1.26425
1.25637
1.25263
1.271
1.55133
1.23821
1.25383
1.24933
1.26117
1.26438
1.54704
1.21933
1.259
1.26046
1.29375
1.31412
1.27008
1.50142
1.27458
1.24521
1.25546
1.33083
1.23838
1.26562
1.55033
1.2925
1.25142
1.26546
1.29454
1.499
1.26763
1.26983
1.27292
1.31121
1.23442
1.235
1.52808
1.25633
1.26079
1.28692
1.35825
1.17842
1.54542
1.22925
1.30638
1.3365
1.30967
1.26987
1.33021
1.57908
1.34242
1.39371
1.20192
1.24721
1.26496
1.2415
1.26554
1.73942
1.23771
1.25392
1.29892
1.66692
1.16337
1.35179
1.29371
1.32737
1.18071
1.61417
1.24179
1.25646
1.33404
1.53521
1.11096
1.25063
1.33321
1.56471
1.35512
1.25742
1.27342
1.23154
1.59279
1.23971
1.23517
1.28483
1.54258
1.15225
1.59508
1.31387
1.33021
1.27325
1.25592
1.23646
1.59688
1.23663
1.29154
1.29329
1.23346
1.23833
1.36704
1.51113
1.24608
1.31258
1.26462
1.26662
1.29571
1.58837
1.26667
1.24754
1.31575
1.25842
1.29412
1.54412
1.2845
1.23212
1.26021
1.24329
1.26596
1.47633
1.23775
1.26821
1.26854
1.33008
1.29696
1.27767
1.28937
1.25183
1.63121
1.31888
1.26554
1.26329
1.54858
1.24517
1.3265
1.29271
1.27633
1.24479
1.30537
1.52983
1.25417
1.35804
1.30854
1.21933
1.34346
1.47042
1.25025
1.30371
1.26162
1.26913
1.38688
1.37087
1.25317
1.28437
1.25621
1.26808
1.25325
1.26717
1.25946
1.51337
1.26713
1.27642
1.25558
1.28454
1.26817
1.44338
1.27987
1.26446
1.31783
1.20804
1.23333
1.48442
1.25633
1.25858
1.26662
1.27942
1.27513
1.27533
1.44604
1.27279
1.29071
1.23154
1.26137
1.50079
1.24979
1.25225
1.27917
1.26388
1.26246
1.253
1.24942
1.43738
1.34563
1.26975
1.26217
1.24875
1.49433
1.24925
1.25467
1.28508
1.28354
1.25854
1.76038
1.10533
1.25992
1.29196
1.30546
1.22658
1.25842
1.26738
1.27337
1.27558
1.26417
1.29363
1.21733
1.26833
1.26487
1.26033
1.27704
1.27817
1.2525
1.27329
1.27937
1.26838
1.25775
1.27233
1.26971
1.27017
1.25483
1.26571
1.46417
1.25267
1.26104
1.25992
1.24504
1.26471
1.27083
1.29775
1.212
1.26162
1.25446
1.30333
1.23671
1.27942
1.24208
1.28446
1.25671
1.24942
1.28875
1.46421
1.24971
1.25842
1.40792
1.13529
1.27933
1.23992
1.27775
1.26004
1.39983
1.16317
1.35258
1.57917
1.23617
1.23246
1.27025
1.25913
1.30929
1.53217
1.23687
1.23733
1.26975
1.28262
1.27238
1.24433
1.24529
1.29446
1.51571
1.28767
1.34983
1.17479
1.24625
1.58133
1.21067
1.28171
1.25504
1.32467
1.34508
1.18254
1.27863
1.26796
1.27137
1.31971
1.29487
1.25504
1.259
1.54946
1.26733
1.25533
1.42667
1.47113
1.22513
1.28729
1.26567
1.25217
1.37133
1.2055
1.529
1.25838
1.24463
1.28529
1.26838
1.3375
1.48971
1.25017
1.26375
1.27892
1.31058
1.23396
1.6895
1.13225
1.24263
1.28563
1.26358
1.26058
1.27583
1.27908
1.24758
1.281
1.26683
1.32483
1.19312
1.29246
1.25604
1.26137
1.55467
1.28096
1.24212
1.28012
1.25192
1.25613
1.26929
1.27654
1.33146
1.19333
1.48121
1.26508
1.24729
1.30496
1.27442
1.23625
1.27479
1.27471
1.26513
1.27258
1.26337
1.32292
1.22087
1.24488
1.26954
1.25683
1.26588
1.25896
1.25367
1.25487
1.23171
1.26633
1.26496
1.27204
1.28067
1.28308
1.25467
1.26075
1.28075
1.25992
1.28275
1.25583
1.24646
1.26625
1.2615
1.26654
1.28471
1.25713
1.22767
1.28696
1.49162
1.23621
1.26971
1.29233
1.2595
1.27025
1.25362
1.26875
1.26871
1.2865
1.24946
1.28054
1.25113
1.256
1.29271
1.25425
1.2665
1.26
1.26833
1.259
1.27513
1.25525
1.26342
1.25575
1.26625
1.25758
1.29171
1.25742
1.25233
1.27854
1.27863
1.24933
1.29029
1.27292
1.24471
1.27671
1.25812
1.27583
1.25346
1.45317
1.26738
1.25008
1.27612
1.29708
1.27042
1.26967
1.26433
1.26033
1.2685
1.29192
1.2405
1.25
1.29175
1.26729
1.27429
1.27242
1.26367
1.249
1.28742
1.29204
1.2635
1.26604
1.27146
1.26092
1.27875
1.25792
1.25671
1.25596
1.26575
1.28687
1.25846
1.25417
1.26254
1.26175
1.26833
1.25783
1.31912
1.20833
1.44725
1.27163
1.25079
1.28254
1.26217
1.27804
1.25537
1.26921
1.26938
1.26754
1.28437
1.32221
1.18325
1.26621
1.24767
1.26075
1.2995
1.24283
1.26654
1.25292
1.24038
1.81546
1.25458
1.24183
1.28238
1.2755
1.28304
1.27558
1.26596
1.25092
1.29067
1.27321
1.22833
1.244
1.27854
1.26471
1.26525
1.29883
1.2195
1.25796
1.28738
1.26175
1.26767
1.2745
1.24938
1.26671
1.26692
1.25046
1.26517
1.26154
1.26521
1.25171
1.26588
1.28196
1.27154
1.27292
1.24512
1.27038
1.25146
1.25637
1.24367
1.26596
1.248
1.26417
1.28675
1.26221
1.25733
1.24087
1.25567
1.2625
1.33175
1.19538
1.25358
1.26067
1.24708
1.266
1.27871
1.24883
1.26658
1.26362
1.26337
1.27275
1.27854
1.25258
1.29354
1.27625
1.25471
1.25263
1.284
1.27583
1.26208
1.26808
1.29304
1.25696
1.24142
1.25833
1.28021
1.27854
1.26963
1.25312
1.29183
1.27137
1.25913
1.28662
1.24725
1.274
1.27908
1.25854
1.25542
1.26038
1.28183
1.25529
1.28667
1.25767
1.24383
1.25421
1.30725
1.21533
1.26746
1.28558
1.25775
1.28908
1.26029
1.2515
1.27571
1.25646
1.28912
1.25604
1.28808
1.25717
1.24342
1.26533
1.26317
1.30104
1.25517
1.26458
1.27854
1.23313
1.28296
1.26913
1.28937
1.18942
1.30292
1.28033
1.24962
1.26879
1.25537
1.26246
1.27546
1.30262
1.2065
1.29529
1.26204
1.25142
1.26917
1.26133
1.27992
1.27767
1.25783
1.26362
1.24825
1.27521
1.25579
1.26783
1.27513
1.2745
1.28071
1.24004
1.24596
1.30008
1.28442
1.24458
1.25879
1.24196
1.25275
1.28363
1.25233
1.24108
1.26771
1.25854
1.25788
1.27433
1.26658
1.26413
1.25542
1.25758
1.235
1.29133
1.27292
1.27583
1.262
1.26246
1.26217
1.28546
1.26896
1.2725
1.27308
1.267
1.26992
1.25812
1.25467
1.29346
1.27179
1.25242
1.25633
1.28992
1.22571
1.26963
1.25342
1.26913
1.28383
1.265
1.25908
1.25929
1.28329
1.27367
1.26171
1.25229
1.26579
1.25
1.27342
1.27942
1.24946
1.26146
1.26508
1.26575
1.28458
1.265
1.32971
1.20242
1.2515
1.25396
1.27867
1.2685
1.26479
1.26492
1.27283
1.27183
1.27429
1.25471
1.26167
1.27363
1.26787
1.281
1.27821
1.26033
1.26708
1.25821
1.25379
1.25367
1.282
1.24696
1.25729
1.26358
1.26846
1.28067
1.27212
1.24417
1.26263
1.27254
1.26529
1.31496
1.22938
1.26946
1.27413
1.26583
1.26196
1.25517
1.277
1.25212
1.26925
1.26621
1.28375
1.23725
1.28325
1.25046
1.24717
1.29612
1.27275
1.26142
1.26129
1.26467
1.27779
1.27154
1.27242
1.23392
1.26546
1.27842
1.26362
1.26175
1.24667
1.28325
1.26521
1.26496
1.25954
1.24938
1.25958
1.26963
1.27529
1.26696
1.25025
1.25087
1.25196
1.27608
1.29171
1.25662
1.26054
1.33062
1.19629
1.26321
1.269
1.27475
1.25738
1.28437
1.26271
1.24992
1.26617
1.27287
1.27671
1.25192
1.26767
1.2355
1.29633
1.25854
1.26158
1.2745
1.27075
1.26733
1.26754
1.25708
1.25954
1.25933
1.26987
1.26317
1.28671
1.24579
1.27142
1.27404
1.25862
1.24996
1.51542
1.29271
6.24138
1.24496
1.23854
1.28492
1.24729
1.28546
1.23979
1.33292
1.19829
1.25621
1.26517
1.24979
1.31321
1.20496
1.26137
1.28425
1.23992
1.26388
1.25683
1.254
1.25575
1.27204
1.29213
1.28167
1.27692
1.28442
1.25008
1.25083
1.23913
1.27025
1.25412
1.26075
1.24579
1.27796
1.27421
1.26008
1.25933
1.27129
1.252
1.30042
1.31963
1.21133
1.26133
1.25375
1.44779
1.27392
1.47204
1.26083
1.26167
1.27117
1.27475
1.26521
1.29471
1.24121
1.26917
1.25992
1.26146
1.27679
1.24342
1.24821
1.2505
1.28292
1.267
1.27021
1.24263
1.266
1.28892
1.25312
1.27396
1.25804
1.26854
1.27217
1.27738
1.24467
1.243
1.28654
1.253
1.27363
1.26754
1.28571
1.26567
1.24742
1.26171
1.25692
1.28246
1.26554
1.45408
1.32129
1.5015
1.25558
1.26754
1.25504
1.24229
1.27133
1.25325
1.29533
1.26696
1.26408
1.28954
1.46475
1.25975
1.33792
1.23696
1.26396
1.25775
1.35129
1.21942
1.24596
1.29587
1.25021
1.27833
1.26038
1.28767
1.25925
1.25487
1.27725
1.27221
1.256
1.26708
1.26396
1.27458
1.28233
1.36879
1.40783
1.46883
1.24438
1.26183
1.24008
1.24558
1.25654
1.26258
1.32404
1.22104
1.26279
1.26333
1.27483
1.27454
1.25833
1.26729
1.26929
1.26554
1.25808
1.28942
1.28904
1.26083
1.26642
1.42942
1.23862
1.48758
1.22592
1.24833
1.26542
1.26317
1.27829
1.26883
1.23804
1.25942
1.26662
1.26533
1.26842
1.28317
1.27937
1.28942
1.26121
1.25996
1.2585
1.28179
1.27025
1.32937
1.23325
1.50562
1.19017
1.283
1.25021
1.26638
1.25337
1.27633
1.26529
1.25275
1.24583
1.25642
1.25871
2.52483
1.17833
1.32483
1.43287
1.58037
1.51975
1.21688
1.27192
1.2485
1.24992
1.2455
1.26071
1.28283
1.25208
1.26458
1.27942
1.24875
1.28154
1.24796
1.27154
1.28625
1.25637
1.24658
1.26258
1.28817
1.26517
1.273
1.36158
1.14746
1.31629
1.23967
1.27783
1.26608
1.26058
1.26283
1.275
1.28221
1.27196
1.28904
1.27742
1.27471
1.24842
1.26596
1.27225
1.26987
1.27758
1.27263
1.25308
1.25817
1.28342
1.28292
1.25938
1.37154
1.12508
1.36346
1.23525
1.25038
1.27346
1.27517
1.28717
1.28612
1.23742
1.25938
1.27363
1.27058
1.25142
1.28867
1.24829
1.27975
1.27183
1.27462
1.25071
1.26413
1.25417
1.28758
1.27275
1.31242
1.18517
1.38433
1.25212
1.36546
1.16213
1.27842
1.23396
1.26104
1.26913
1.26854
1.27642
1.29675
1.24971
1.27337
1.26638
1.283
1.26192
1.26125
1.28758
1.27429
1.277
1.25875
1.30438
1.20479
1.25625
1.26721
1.26537
1.23671
1.27096
1.23383
1.26263
1.25308
1.30017
1.24388
1.25825
1.28258
1.27196
1.24313
1.26117
1.25746
1.24396
1.28392
1.26413
1.25117
1.23867
1.26825
1.28763
1.25463
1.26558
1.26117
1.24113
1.23475
1.29213
1.24933
1.25829
1.26092
1.25979
1.25746
1.27142
1.25017
1.24654
1.29958
1.20671
1.2645
1.26846
1.24404
1.25425
1.276
1.26992
1.24858
1.28492
1.24333
1.23808
1.24962
1.28121
1.27233
1.25129
1.26396
1.24975
1.25854
1.26925
1.25983
1.24904
1.25054
1.25079
1.26571
1.29317
1.23862
1.26408
1.24671
1.26717
1.25275
1.249
1.25104
1.26892
1.27208
1.27304
1.26137
1.24946
9.60796
4.71404
7.75913
3.9185
2.52567
2.44037
1.77325
1.80638
1.53054
1.39817
1.7125
1.24454
1.27875
1.25783
1.35688
1.26679
1.76925
1.27308
1.258
1.27717
1.3225
1.248
1.263
1.26396
1.77925
1.26483
1.25925
1.30638
1.28692
1.53842
1.27987
1.27517
1.27254
1.26396
1.27937
1.28021
1.2405
1.80621
1.32146
1.20404
1.2695
1.27921
1.55517
1.27829
1.28137
1.24971
1.28396
1.26446
1.53396
1.26946
1.28142
1.27829
1.27208
1.27621
1.43996
1.27142
1.26771
1.28838
1.26379
1.26246
1.46058
1.41017
1.13062
1.24542
1.297
1.29071
1.23933
1.46254
1.26054
1.27804
1.32192
1.19792
1.26742
1.27867
1.4525
1.28063
1.23675
1.28717
1.44054
1.30658
1.28425
1.25058
1.27442
1.27196
1.27479
1.44063
1.27321
1.24608
1.26979
1.28246
1.28108
1.27108
1.45242
1.29096
1.24154
1.25946
1.26729
1.28625
1.26929
1.43312
1.29521
1.27621
1.25012
1.27275
1.27233
1.47542
1.24762
1.29217
1.26621
1.2435
1.27246
1.41608
1.32163
1.27621
1.26487
1.2595
1.28071
1.27121
1.46171
1.27508
1.25946
1.27929
1.255
1.28608
1.43575
1.256
1.28075
1.24979
1.26754
1.24588
1.26337
1.47525
1.24625
1.27413
1.25304
1.29454
1.26029
1.51321
1.21058
1.26746
1.25029
1.26492
1.30567
1.48996
1.22225
1.28333
1.25788
1.33654
1.18396
1.25367
1.45213
1.26717
1.26983
1.269
1.25217
1.28763
1.26758
1.46133
1.27537
1.26554
1.24446
1.27683
1.46988
1.25788
1.26517
1.27738
1.27283
1.26212
1.26492
1.24062
1.49058
1.27633
1.24325
1.27854
1.25337
1.27354
1.48933
1.24275
1.27175
1.25217
1.28
1.26913
1.45058
1.26575
1.28758
1.2735
1.28558
1.29021
1.42846
1.26258
1.28
1.25463
1.28908
1.1945
1.26642
1.53379
1.58429
5.83525
1.2925
1.19221
1.26404
1.26408
1.24838
1.25396
1.26904
1.53125
1.20217
1.27096
1.25554
1.26821
1.28129
1.47233
1.26708
1.30212
1.28146
1.22813
1.47675
1.26246
1.24454
1.27054
1.30929
1.2415
1.52758
1.21158
1.23525
1.25146
1.2905
1.26775
1.25371
1.45175
1.25858
1.25575
1.28692
1.27204
1.25683
1.25208
1.25892
1.45279
1.299
1.24596
1.27388
1.31508
1.45213
1.2655
1.28292
1.24917
1.27467
1.26371
1.45396
1.26471
1.29046
1.24671
1.25092
1.263
1.26858
1.5745
1.15233
1.27054
1.27104
1.33158
1.22529
1.24883
1.25779
1.25596
1.25796
1.27896
1.27808
1.25308
1.5875
1.25592
1.25129
1.27304
1.27871
1.25192
1.49683
1.2785
1.25075
1.27142
1.27642
1.25917
1.56492
1.18925
1.25238
1.26029
1.30612
1.26542
1.26583
1.45033
1.27638
1.27858
1.26942
1.25392
1.24475
1.5135
1.22338
1.26029
1.24146
1.30858
1.24642
1.26725
1.44083
1.25942
1.26346
1.29996
1.29117
1.21267
1.24862
1.46258
1.24304
1.27513
1.25838
1.271
1.36725
1.38796
1.26775
1.29933
1.24096
1.28038
1.26646
1.47796
1.24979
1.29621
1.28825
1.26554
1.23783
1.47108
1.26087
1.28883
1.27388
1.24571
1.30167
1.25067
1.26567
1.46412
1.28679
1.2635
1.261
1.24071
1.26854
1.48638
1.22171
1.27604
1.28233
1.23017
1.29604
1.36538
1.37404
1.2585
1.28192
1.30158
1.22454
1.25775
1.48433
1.24479
1.26921
1.24729
1.2665
1.28937
1.45479
1.26129
1.26133
1.26504
1.27858
1.23704
1.24896
1.45563
1.26629
1.27125
1.26158
1.25067
1.25796
1.35492
1.40692
1.27158
1.26233
1.30579
1.26567
1.24125
1.46592
1.25321
1.25279
1.28063
1.278
1.25992
1.25537
1.47304
1.2745
1.25846
1.24571
1.26258
1.26946
1.46258
1.26125
1.26283
1.30383
1.22642
1.27954
1.42596
1.27588
1.24883
1.29179
1.24804
1.27192
1.27617
1.43246
1.28137
1.27929
1.28221
1.26154
1.27396
1.27271
1.27883
1.51925
1.23317
1.26429
1.26829
1.45529
1.26554
1.29808
1.23467
1.267
1.27513
1.48196
1.23475
1.25113
1.27208
1.23721
1.27312
1.47775
1.26371
1.24613
1.28283
1.29412
1.23229
1.26642
1.25917
1.25971
1.54583
1.51812
1.19687
1.30796
1.27554
1.45279
1.26562
1.2645
1.28917
1.23371
1.26537
1.45158
1.28462
1.28804
1.278
1.27946
1.27392
1.50771
1.25812
1.25925
1.30033
1.27221
1.23913
1.48896
1.23508
1.29642
1.2685
1.25083
1.28621
1.53183
1.158
1.26671
1.24412
1.30775
1.23
1.25513
1.25738
1.51738
1.19721
1.26475
1.25438
1.279
1.26071
1.26371
1.26742
1.29054
1.25958
1.23154
1.27171
1.27275
1.49192
1.26087
1.301
1.22529
1.28112
1.26454
1.25588
1.27238
1.25342
1.28008
1.26742
1.34458
1.25571
2.88533
1.85363
1.24304
1.27471
1.26442
1.24296
1.59079
1.26092
1.32963
1.2
1.31746
1.24913
1.23646
1.28758
1.28908
1.26096
1.27588
1.26517
1.25558
1.25642
1.28513
1.25438
1.24271
1.28479
1.25204
1.25838
1.26583
1.27896
1.27638
1.25167
1.28271
1.24108
1.27925
1.35337
1.22338
1.24554
1.26654
1.56421
1.27896
1.26442
1.23996
1.26471
1.24833
1.26708
1.28658
1.24525
1.30363
1.24108
1.23933
1.29242
1.25783
1.26238
1.27367
1.24375
1.24742
1.2855
1.26638
1.24683
1.26121
1.27163
1.27329
1.25704
1.26225
1.284
1.24354
1.25375
1.27838
1.31467
1.19479
1.30071
1.26396
1.25483
1.25517
1.28483
1.27967
1.27417
1.24242
1.25329
1.25533
1.27617
1.283
1.25925
1.2645
1.26038
1.26362
1.24713
1.27054
1.26146
1.29075
1.26492
1.26588
1.32675
1.22667
1.27517
1.24733
1.29363
1.25683
1.27617
1.27504
1.25138
1.25033
1.26279
1.27129
1.25204
1.2765
1.33133
1.21713
1.238
1.28662
1.27046
1.24708
1.26046
1.272
1.28296
1.2815
1.25875
1.26417
1.25125
1.267
1.28375
1.27704
1.24862
1.26738
1.25575
1.267
1.25258
1.28208
1.25929
1.28137
1.23925
1.277
1.26767
1.2745
1.27467
1.26462
1.258
1.25079
1.28087
1.2975
1.26346
1.23446
1.27854
1.28096
1.30558
1.23304
1.27692
1.31592
1.18754
1.28496
1.25846
1.2725
1.27121
1.26392
1.27504
1.27317
1.26413
1.24946
1.25542
1.28467
1.27629
1.26125
1.24296
1.25454
1.29462
1.26383
1.28296
1.24788
1.29421
1.28713
1.24996
1.27125
1.26192
1.25279
1.22446
1.28458
1.28912
1.25642
1.24721
1.27063
1.25142
1.22958
1.26938
1.26696
1.24546
1.25708
1.26642
1.27612
1.26783
1.26479
1.25221
1.25896
1.26413
1.28275
1.25367
1.27163
1.28925
1.25713
1.25671
1.26287
1.28137
1.26496
1.29879
1.23704
1.25675
1.2645
1.27708
1.25475
1.24921
1.30612
1.25633
1.25675
1.28008
1.24525
1.24675
1.27021
1.29487
1.24792
1.26654
1.258
1.27692
1.24208
1.26104
1.26117
1.26525
1.33417
1.15042
1.42046
1.28683
1.29475
1.25467
1.28558
1.27658
1.2335
1.28875
1.24229
1.25267
1.87317
1.23642
1.25858
1.28075
1.24
1.27129
1.25075
1.26458
1.26417
1.22246
1.29158
1.29617
1.24758
1.26021
1.55454
1.24508
1.29871
1.26221
1.25246
1.28925
1.31433
2.29646
1.28425
1.23479
1.29267
1.26442
1.64975
1.25383
1.27125
1.25987
1.30333
1.22296
1.64
1.30029
1.22437
1.2615
1.27383
1.32154
1.56512
1.21275
1.26588
1.26354
1.27058
1.26337
1.25221
1.70908
1.24475
1.24925
1.29458
1.26379
1.27021
1.49771
1.29525
1.24375
1.34408
1.18467
1.24596
1.39608
1.38825
1.24896
1.27087
1.25829
1.28617
1.25838
1.45767
1.25379
1.27733
1.28479
1.26117
1.25696
1.30271
1.24904
1.27704
1.27196
1.25746
1.28096
1.24567
1.73875
1.26287
1.27337
1.27038
1.27588
1.25229
1.25983
1.27687
1.44708
1.08383
1.26779
1.30129
1.21633
1.55108
1.247
1.26429
1.69112
0.988333
1.34613
1.62071
1.16012
1.41675
1.14575
1.24746
1.29204
1.26658
1.74304
1.26012
1.26462
1.293
1.268
1.30262
1.54817
1.24883
1.27038
1.25529
1.26354
1.4285
1.39279
1.26633
1.28346
1.28367
1.27079
1.27571
1.27396
1.33408
1.23696
1.251
1.25804
1.26638
1.25742
1.565
1.27063
1.27225
1.262
1.27258
1.22633
1.52558
1.25238
1.24325
1.26979
1.29787
1.23554
1.5005
1.28725
1.23938
1.25796
1.27367
1.31254
1.22862
1.51025
1.25729
1.28429
1.23358
1.27696
1.24779
1.48067
1.32392
1.18612
1.2665
1.29412
1.25417
1.47562
1.26279
1.27479
1.24913
1.3065
1.24458
1.32146
1.28912
1.30608
1.20275
1.27546
1.26633
1.29213
1.27787
1.23087
1.57779
1.26892
1.29688
1.37742
1.14938
1.49887
1.26871
1.24646
1.27158
1.27671
1.24004
1.51108
1.27671
1.24342
1.26263
1.28
1.25021
1.28229
1.27542
1.472
1.26221
1.26042
1.24467
1.29737
1.47258
1.29104
1.23233
1.29067
1.25533
1.24542
1.50113
1.28254
1.26167
1.27721
1.25729
1.25042
1.25954
1.26804
1.41221
1.31704
1.27863
1.26504
1.24992
1.48529
1.28983
1.27787
1.22367
1.27183
1.25913
1.25604
1.28404
1.48667
1.24821
1.26383
1.25412
1.27654
1.26033
1.56304
1.19738
1.27729
1.26221
1.25079
1.32267
1.39554
1.31167
1.22558
1.2825
1.24725
1.26562
1.25004
1.48779
1.24304
1.27233
1.25583
1.2505
1.2835
1.25829
1.48412
1.27367
1.26858
1.25762
1.34229
1.39492
1.25542
1.263
1.28171
1.25679
1.24287
1.47404
1.24329
1.25442
1.28608
1.2635
1.24038
1.27858
1.24862
1.49475
1.25738
1.24733
1.39254
1.15708
1.46479
1.27425
1.25279
1.27467
1.27529
1.29175
1.51517
1.20025
1.26792
1.24708
1.28538
1.25467
1.24938
1.48958
1.26413
1.27975
1.25263
1.28679
1.23829
1.27413
1.34837
1.25817
1.291
1.24296
1.2895
1.22867
1.26633
1.32367
1.67979
1.22696
1.25283
1.27046
1.28758
1.63458
1.14433
1.28587
1.25142
1.26287
1.26658
1.49846
1.28342
1.25204
1.27621
1.25383
1.27446
1.26946
1.48196
1.26046
1.24179
1.27929
1.24613
1.27413
1.27446
1.493
1.27479
1.2535
1.28587
1.31783
1.41004
1.28633
1.24767
1.24983
1.28746
1.27925
1.52487
1.18017
1.31804
1.22104
1.26442
1.27154
1.26462
1.24554
1.52462
1.25162
1.26058
1.23092
1.27667
1.25633
1.58242
1.14483
1.35238
1.19937
1.2665
1.25879
1.56046
1.24933
1.28596
1.25096
1.26863
1.26721
1.49375
1.27437
1.26004
1.25304
1.24729
1.26613
1.28258
1.47338
1.27679
1.26629
1.27963
1.25588
1.26608
1.47938
1.25846
1.25425
1.26513
1.26117
1.27246
1.24471
1.65179
1.08804
1.25496
1.26638
1.27713
1.26083
1.28125
1.49279
1.27713
1.25575
1.28017
1.25412
1.26017
1.47404
1.25821
1.25408
1.284
1.25075
1.285
1.25012
1.47287
1.28517
1.24646
1.28171
1.26212
1.26579
1.50108
1.25858
1.25754
1.25687
1.26921
1.273
1.56675
1.15775
1.27612
1.27658
1.26842
1.44846
1.30708
1.25858
1.25613
1.27946
1.24508
1.27517
1.26938
1.46108
1.26646
1.26983
1.274
1.24825
1.26008
1.25483
1.48713
1.26533
1.26733
1.249
1.26342
1.28475
1.49075
1.26129
1.26979
1.27504
1.26787
1.47488
1.28538
1.24921
1.27521
1.25021
1.26496
1.26471
1.36571
1.36838
1.263
1.26458
1.27038
1.25625
1.28608
1.58675
1.13692
1.25708
1.28208
1.26317
1.264
1.525
1.28571
1.24263
1.25742
1.23908
1.26125
1.27579
1.46396
1.28892
1.26292
1.24529
1.28454
1.44817
1.27671
1.35671
1.18362
1.24508
1.25992
1.25746
1.25637
1.406
1.3615
1.25483
1.28604
1.30642
1.46175
2.70517
1.99904
1.26246
1.28142
1.24204
1.43017
1.26887
1.26033
1.25779
1.28279
1.26887
1.44413
1.37592
1.14104
1.29167
1.24808
1.28279
1.27825
1.52579
1.195
1.27329
1.24829
1.27821
1.268
1.45388
1.26375
1.25704
1.26883
1.24875
1.29083
1.27592
1.264
1.26371
1.25392
1.25775
1.27662
1.28188
1.25992
1.69846
1.232
1.24996
1.28371
1.28004
1.25738
1.51808
1.28117
1.24979
1.26875
1.27638
1.23625
1.50275
1.27887
1.26492
1.26396
1.27604
1.25404
1.48175
1.26317
1.23429
1.287
1.23058
1.28675
1.39558
1.32292
1.269
1.26933
1.23783
1.29333
1.24879
1.56567
1.18667
1.251
1.25175
1.28363
1.29171
1.24525
1.25288
1.47887
1.273
1.25729
1.25679
1.49042
1.28592
1.24125
1.2935
1.26729
1.23842
1.24654
1.46863
1.25779
1.259
1.26421
1.25875
1.27383
1.25637
1.49029
1.25983
1.253
1.32804
1.20388
1.28196
1.47496
1.26071
1.25546
1.28358
1.28417
1.24458
1.48275
1.24917
1.2675
1.27537
1.25304
1.25604
1.45333
1.27517
1.26442
1.24204
1.27125
1.24979
1.27188
1.47204
1.30012
1.25921
1.27246
1.26787
1.24125
1.27221
1.27838
1.47596
1.26683
1.25913
1.26537
1.25621
1.5
1.24958
1.24942
1.27071
1.30621
1.22592
1.472
1.26008
1.24579
1.30275
1.31183
1.18333
1.24871
1.52667
1.25542
1.2705
1.25946
1.38283
1.15458
1.45121
1.272
1.31233
1.27096
1.23367
1.28238
1.34667
1.35975
1.25117
1.26863
1.28925
1.25454
1.26033
1.46858
1.26729
1.27267
1.26771
1.26829
1.23883
1.44679
1.23621
1.27721
1.26783
1.26
1.24371
1.26038
1.30129
1.26142
1.25042
1.28533
1.24654
1.25921
1.37825
1.43633
1.25592
1.31204
1.2595
1.24971
1.43321
1.3505
1.23883
1.278
1.25721
1.2765
1.27296
1.24004
1.28733
1.34608
1.17333
1.26904
1.26312
1.29646
1.51292
1.25296
1.25329
1.27221
1.24275
1.27617
1.31137
1.26913
1.24537
1.28383
1.31746
1.18979
1.29638
1.54479
1.25492
1.28779
1.25717
1.27683
1.24496
1.29096
1.24975
1.24958
1.26413
1.32567
1.19554
1.25904
1.26458
1.26654
1.2705
1.26079
1.26763
1.24979
1.24979
1.258
1.26246
1.269
1.26167
1.25038
1.27946
1.24833
1.27083
1.27442
1.2965
1.252
1.24975
1.27925
1.27987
1.27775
1.26312
1.26329
1.28646
1.28004
1.25258
1.27337
1.26283
1.26892
1.27437
1.26646
1.26383
1.24996
1.25446
1.252
1.29929
1.25396
1.27646
1.28679
6.12662
