3.75133
14.404
4.73583
3.57321
3.25546
2.69433
2.68417
2.74238
2.71679
2.74492
3.18546
2.70392
2.83587
3.22167
2.69125
2.70021
3.01117
2.70604
2.76083
2.69142
2.71154
2.68554
2.70467
3.21479
2.70296
2.70992
2.70383
2.69263
2.71696
2.70396
2.69675
2.70279
2.6965
2.70975
3.12367
2.68979
2.71379
2.7085
2.69075
2.69783
2.70208
2.71204
2.68529
2.72342
2.69967
2.6925
2.69992
2.70679
2.71167
2.70017
2.67912
2.70458
2.93429
2.7055
2.68883
2.72517
2.67792
2.76742
2.63467
2.69083
2.72429
2.71171
2.68271
2.71408
2.71183
2.68325
2.71192
2.7005
2.69096
2.70154
2.70788
2.91783
2.70942
2.69937
3.02575
2.70721
2.69425
2.69687
2.68225
2.72475
2.68971
2.7095
2.69563
2.70079
2.71071
2.70825
2.88338
2.69296
2.69008
2.73404
2.68967
2.69042
2.68333
2.71075
2.70613
2.69383
2.71588
2.68783
2.69108
2.70825
2.68492
2.68921
2.69788
2.72254
2.77575
2.59842
2.74137
2.72704
2.89908
2.73779
2.67996
2.69375
2.78758
2.72696
3.02075
2.73133
2.703
2.72083
2.69887
2.74154
2.72392
2.72771
2.71392
2.68783
2.71213
2.73321
3.81433
2.77117
2.67271
2.67071
2.71742
2.71621
2.66667
2.69908
2.71996
2.70996
2.70171
2.77979
2.70904
2.69863
2.71342
3.19708
2.70783
2.77204
3.08871
2.73733
2.68908
2.70863
2.70038
2.70942
2.70208
2.71133
2.76704
2.68975
2.70196
2.70829
3.08846
2.72879
2.71271
3.08558
2.71588
2.78729
2.92642
2.71925
2.70042
2.71192
2.7325
2.70908
2.708
2.7485
2.69917
2.69858
2.70829
3.06042
2.72129
2.72179
2.72583
2.67625
2.70688
2.743
2.74296
2.69025
2.72221
2.97025
2.72342
2.73104
2.70333
2.71375
2.68954
2.69779
2.72313
2.7155
2.71663
2.69983
2.69325
2.73354
2.72367
2.69517
2.98704
2.71079
2.68721
2.78325
2.65921
2.69104
2.96271
2.68508
2.71012
2.71683
2.69837
2.68067
2.71854
2.68038
2.72767
2.79608
2.58288
2.73962
2.6445
2.69775
2.70904
2.965
2.66858
2.75742
3.08012
2.57771
2.70167
2.89912
2.53529
2.76212
2.83225
2.56933
2.74483
2.73879
2.72029
2.71379
2.68587
3.24792
2.51346
2.94492
2.63767
2.73521
2.90421
2.74383
2.69896
2.98654
2.58583
2.7475
2.95317
2.60575
2.70404
2.73392
2.70217
2.94692
2.72267
2.69742
2.96479
2.69988
2.7135
2.95375
2.73942
2.72288
2.94133
2.72808
2.747
2.7045
2.70496
2.71433
2.95542
2.70917
2.73375
2.70913
2.66946
2.96271
2.71654
2.71125
2.69392
2.68738
2.72046
2.67462
2.70187
2.71646
2.9505
2.68708
2.75592
2.68142
2.69629
2.70333
2.71267
2.68187
2.71192
2.86071
2.70954
2.70483
2.70079
2.69233
2.71663
2.70617
2.70429
2.70246
2.69408
2.70637
2.73113
2.69762
2.71312
2.84167
2.55596
2.68992
2.78675
2.89221
2.63842
2.6805
2.69525
2.68583
2.70587
2.71342
2.70133
2.71371
2.71117
2.6975
2.70683
2.69908
2.69475
2.70046
2.723
2.69808
2.70025
2.72392
2.92121
2.69125
2.72071
2.68054
2.71913
2.68392
2.69358
2.70046
2.69858
2.70871
2.72592
2.69229
2.70171
2.69846
2.71012
2.69146
2.7
2.70404
2.86521
2.74004
2.69592
2.68562
2.69842
2.76929
2.64921
2.68867
2.69462
2.70171
2.70008
2.735
2.6785
2.71513
2.72187
2.67204
2.69675
2.72075
2.685
2.89271
2.72317
2.70721
2.70833
2.90837
2.56921
2.67696
2.68875
2.70971
2.65612
2.69946
2.77908
2.62617
2.69633
2.75596
2.69021
2.67546
2.69604
2.90658
2.62608
2.68167
2.71742
2.70263
2.69646
3.26487
2.56146
2.70125
2.71
2.70625
2.70708
2.70579
2.70596
2.88492
2.51937
2.68308
2.72237
2.70471
2.67879
2.73121
2.69158
2.76379
2.62979
2.66854
2.76596
2.65896
2.68842
2.99954
2.68325
2.72187
2.66838
2.7145
2.69842
3.89175
2.60096
3.02725
2.71712
2.78954
2.61929
3.16308
2.65946
2.72558
2.95896
2.63617
2.69963
2.92575
2.65138
2.71612
3.07
2.57504
2.64342
2.84329
2.75792
2.64821
2.92804
2.90383
2.49396
2.69413
3.12558
2.66417
2.83892
2.70842
2.62871
2.93879
2.70029
2.62
3.04792
2.57175
2.67571
3.00208
2.63554
2.67933
3.05
2.60683
2.68933
2.98367
2.635
2.74579
2.90521
2.68029
2.70567
2.90975
2.67246
2.70242
2.95346
2.70725
2.66962
2.88979
2.7075
2.75329
2.90054
2.60546
2.74275
2.84333
2.68567
2.74821
2.92867
2.71563
2.63375
2.92129
2.69592
2.80596
2.94517
2.56137
2.79063
2.94583
2.70167
2.65817
2.91138
2.64321
2.70887
2.91829
2.64571
2.7015
2.90367
2.66592
2.70613
2.87296
2.69804
2.67633
2.92833
2.83429
2.55892
2.88504
2.70946
2.80246
2.921
2.69079
2.56929
2.92779
2.72921
2.69667
3.01058
2.599
2.68762
2.69717
2.93083
2.68046
2.93671
2.70204
2.696
2.95771
2.63071
2.72317
2.95317
2.66179
2.68329
2.89146
2.71283
2.76833
2.84013
2.70654
2.65287
2.85383
2.79492
2.73108
2.91733
2.6975
2.62767
2.94525
2.71142
2.67479
2.90854
2.70829
2.71475
2.93288
2.67992
2.67475
2.6995
2.94317
2.64613
2.99454
2.64263
2.68596
2.89262
2.71413
2.64342
2.97892
2.71421
2.59904
2.6845
2.97821
2.7825
2.80262
2.63475
2.6495
2.78083
2.8615
2.72808
2.92325
2.66087
2.68429
2.9385
2.56671
2.72196
2.68317
2.96504
2.71008
2.66946
2.94654
2.65175
2.87492
2.75392
2.64692
2.69233
2.94787
2.67008
2.72292
2.93283
2.69342
2.89604
2.73846
2.63221
2.68708
2.93192
2.66054
3.03375
2.662
2.61717
2.67637
2.93067
2.68246
2.718
2.93113
2.70475
2.70012
2.9355
2.70162
2.99321
2.57533
2.68229
2.86875
2.70463
2.66329
2.91475
2.70271
2.69558
2.8295
2.832
2.58917
2.71246
2.9225
2.64929
2.864
2.73933
2.70442
2.70192
2.94212
2.78883
2.63617
2.92263
2.70662
2.94063
2.76883
2.55337
2.88829
2.81221
2.61063
2.71804
2.88175
2.63096
2.90062
2.73821
2.62929
2.86171
2.76008
2.66575
2.68975
2.92488
2.72237
2.86192
2.73533
2.63158
2.752
2.90612
2.63437
2.93521
2.66646
2.71137
2.67604
2.96079
2.62996
2.89383
2.948
2.51646
2.67512
2.94246
2.74708
2.60337
3.36804
2.26517
2.77438
2.85183
2.71667
2.73996
2.89546
2.60975
2.7345
2.92346
2.70154
2.64142
2.98358
2.66879
2.87483
2.78792
2.64629
2.69329
2.91275
2.64004
2.66308
3.03658
2.63746
2.6865
2.75492
2.62404
2.69504
2.72492
2.91867
2.69033
2.90863
2.58779
2.66696
2.67188
2.72962
2.69217
2.71583
2.71108
2.70379
2.641
2.706
2.70546
2.67237
2.69754
2.69446
2.7445
2.67954
2.64825
2.73362
2.70558
2.73367
2.66379
2.70517
2.65025
2.69487
2.78079
2.89175
2.35187
2.7285
2.69275
2.68646
2.69096
2.70038
2.70675
2.76162
2.74362
2.528
2.87771
2.59433
2.70237
2.73671
2.77404
2.68633
2.71196
2.67083
2.71521
2.70571
2.76875
2.72542
2.55213
2.6935
2.70913
2.67454
2.66429
2.72288
2.68092
2.694
2.70938
2.67671
2.71867
2.76708
2.57912
2.68354
2.71996
2.70304
2.66192
2.69146
2.73854
2.71025
2.71062
2.66829
2.67242
2.70546
2.74742
2.68775
2.737
2.57117
2.68412
2.69717
2.71783
2.69613
2.69325
2.69046
2.70308
2.68546
2.76087
2.67954
2.59296
2.70292
2.68196
2.72521
2.70033
2.67883
2.682
2.725
2.69533
2.70175
2.694
2.68396
2.70637
2.70071
2.56829
2.7035
2.68362
2.75371
2.66354
2.68688
2.6995
2.68963
2.66867
2.69279
2.68604
2.68108
2.707
2.71146
2.69267
2.72096
2.69992
2.66158
2.78067
2.67229
2.70417
2.70688
2.57912
2.69112
2.70713
2.72725
2.65571
2.73925
2.68842
2.66471
2.76167
2.67758
2.68887
2.60037
2.69179
2.72083
2.68817
2.73937
2.67246
2.65904
2.69588
2.70754
2.68038
2.74375
2.69996
2.68571
2.67854
2.70475
2.85892
2.78646
2.61342
2.70033
2.65013
2.71671
2.76487
2.65108
2.64796
2.69529
3.1425
2.29629
2.69742
2.7285
2.61854
2.70929
2.65663
2.66225
2.70288
2.67196
2.75071
2.66875
2.67042
2.67654
2.84508
2.667
2.59325
2.70758
2.68092
2.67233
2.69892
2.76529
2.67704
2.68671
2.84296
2.67537
2.70146
2.71508
2.74854
2.73462
2.69371
2.697
2.69138
2.64258
2.66363
2.71596
2.67967
2.67667
2.64825
2.70521
2.72675
2.66054
2.69742
2.71146
2.786
2.57367
2.68892
2.69246
2.78083
2.59704
2.68675
2.71017
2.73192
2.68892
2.68675
2.68388
2.78121
2.55404
2.72258
2.68408
2.67967
2.70408
2.70571
2.67817
2.73346
2.74183
2.69613
2.71708
2.55392
2.70233
2.676
2.7365
2.681
2.69671
2.67946
2.71525
2.65879
2.75175
2.706
2.58596
2.69367
2.70475
2.67663
2.70187
2.73075
2.69017
2.73742
2.59513
2.74092
2.63025
2.71179
2.67512
2.70738
2.70746
2.68808
2.68438
2.74342
2.67421
2.67917
2.71
2.69046
2.687
2.80058
2.63354
2.684
2.70767
2.68537
2.66062
2.72617
2.68054
2.70362
2.72733
2.53821
2.69046
2.70771
2.72871
2.70629
2.82333
2.57054
2.67725
2.72337
2.61612
2.67
2.70383
2.85317
2.56929
2.72204
2.67458
2.73458
2.72296
2.66408
2.68296
2.69375
2.78963
2.55633
2.68967
2.69437
2.69492
2.69638
2.73321
2.69142
2.715
2.70508
2.75758
2.73988
2.54646
2.69217
2.70667
2.66042
2.68158
2.75387
2.67492
2.67733
2.66358
2.76558
2.6245
2.69287
2.66658
2.70083
2.81667
2.55458
2.71292
2.70017
2.68867
2.74392
2.67942
2.68154
2.75862
2.65329
2.75792
2.60296
2.70267
2.72433
2.70942
2.70012
2.67475
2.70379
2.69746
2.72892
2.68883
2.71583
2.58038
2.73467
2.66171
2.68654
2.69771
2.79275
2.64908
2.736
2.61554
2.69379
2.71771
2.71708
2.73312
2.5835
2.68908
2.71975
2.61329
2.69104
2.72117
2.72658
2.64042
2.71554
2.70288
2.65533
2.70458
2.68587
2.69946
2.67254
2.72842
2.82246
2.54258
2.71113
2.71292
2.67133
2.73342
2.6735
2.72988
2.68488
2.71254
2.76025
2.71287
2.70433
2.72542
2.71113
2.69833
2.68829
3.10317
2.72854
2.72258
2.69704
2.69937
2.70983
2.69871
2.70063
2.7105
2.70337
2.71346
2.71779
2.70658
2.709
2.68496
2.69525
2.69771
2.723
2.67846
2.70979
2.70938
2.69588
2.69617
2.69779
2.70958
2.69292
2.70237
2.68575
2.68808
2.70133
2.70358
2.69012
2.70179
2.70775
2.71983
2.71233
2.68271
2.7015
2.69996
2.71604
2.69875
2.69171
2.70088
2.71267
2.70133
2.70967
2.69037
2.72408
2.68408
2.69442
2.70354
2.73704
2.64375
2.70871
2.69771
2.70367
2.71008
2.70592
2.712
2.67246
2.70354
2.70763
2.71871
2.683
2.71717
2.69313
2.71854
2.69767
2.68858
2.70429
2.69867
2.72146
2.69192
2.71575
2.68837
2.70538
2.71646
2.69037
2.70487
2.74437
2.71362
2.70296
2.9015
3.60908
2.74604
2.70725
2.70267
2.69496
2.72529
2.68433
2.70988
2.71396
2.70458
2.71642
2.71404
2.68446
2.72375
2.68562
2.79296
2.59658
2.74892
2.68217
2.66325
2.70333
2.67338
2.68108
2.71121
2.69883
2.66962
2.69183
2.69487
2.71842
2.68092
2.68108
3.09942
2.69883
2.72304
2.67112
2.71888
2.71254
2.70796
2.70283
2.69058
2.69767
2.69571
2.69837
2.70729
2.68958
2.70879
2.686
2.6905
2.69963
2.70329
2.71712
2.68308
2.69029
2.71062
2.69992
2.70837
2.69958
2.71883
2.90129
2.72508
2.67571
2.70396
2.68488
2.72967
2.70654
2.68342
2.7235
2.68229
2.70042
2.7165
2.7135
2.68217
2.69733
2.68825
2.95129
2.71404
2.70308
2.69796
2.68537
2.70992
2.70408
2.69512
2.87721
2.54104
2.72538
2.68304
2.68571
2.69933
2.70204
2.67892
2.72113
2.70538
2.68771
2.69479
2.67554
2.68992
2.686
2.73279
2.68246
2.68496
2.68875
2.68733
2.72221
2.69404
2.68117
2.66267
2.69592
2.66458
2.69208
2.67283
2.71667
3.33871
2.60613
2.70271
2.72317
2.64621
2.71133
2.70392
2.70875
2.67192
2.7295
2.69121
2.68333
2.75346
2.68063
2.70696
2.69196
2.78558
2.52229
2.68429
2.69679
2.83829
2.657
2.70925
2.70083
2.71054
2.68383
2.59821
2.68388
2.74892
2.68812
2.67025
2.69492
2.63208
2.68808
2.71917
2.67933
2.69121
2.73879
2.68021
2.69358
2.69171
2.69667
2.76367
2.70579
2.66433
2.63375
2.80262
2.59533
2.64962
2.72938
2.66971
2.67979
2.6925
2.69033
2.699
2.69733
2.68946
2.70042
2.69779
2.69283
2.69575
2.69617
2.68983
2.74583
2.69283
2.67525
2.68479
2.70267
2.701
2.70317
2.70008
2.72063
2.69733
2.69579
2.71392
2.71292
2.69658
2.71317
2.70396
2.72042
2.70604
2.71537
2.69225
2.69946
2.68887
2.72779
2.69154
2.70008
2.71317
2.67225
2.70371
2.7815
2.63546
2.75221
2.66675
2.68692
2.69417
2.70542
2.70796
2.69887
2.75483
2.663
2.70654
2.68554
2.70654
2.69946
2.70662
2.70396
2.71092
2.69875
2.73
2.70479
2.70771
2.70837
2.70383
2.70567
2.7075
2.71088
2.71346
2.70425
2.70983
2.71433
2.71108
2.68587
2.68229
2.71029
2.68317
2.84225
2.61642
2.70017
2.70042
2.69471
2.68108
2.66887
2.69712
2.70104
2.68071
2.80737
2.58804
2.69492
2.69083
2.72921
2.72125
2.71333
2.65854
2.7095
2.68929
2.76521
2.57979
2.69367
2.6805
2.69096
2.71821
2.71721
2.68533
2.69283
2.69792
2.74892
2.58229
2.69804
2.68458
2.71629
2.71867
2.6945
2.69712
2.71392
2.74521
2.69887
2.68558
2.56179
2.69667
2.68908
2.68592
2.7185
2.67492
2.74279
2.70438
2.69392
3.10404
2.25717
2.75975
2.62037
2.70337
2.69371
2.673
2.72
2.66387
2.71221
2.67817
2.67825
2.68517
2.68537
2.65967
2.73104
2.74412
2.69958
2.69125
2.74267
2.68192
2.60763
2.66917
2.70463
2.70925
2.68337
2.68804
2.69033
2.70258
2.69104
2.69308
2.75325
2.74296
2.72162
2.60417
2.75017
2.70012
2.69004
2.71012
2.67588
12.8411
