4.02846
5.99413
3.83879
2.97308
1.80346
2.29854
1.72562
1.66642
1.23021
1.3085
1.30658
1.21067
1.20196
1.21242
1.24829
1.25596
1.73479
1.23233
1.18767
1.23708
1.20854
1.24171
1.78758
1.21463
1.24892
1.19013
1.21896
1.20821
1.78083
1.14071
1.20888
1.25142
1.21688
1.21633
1.22404
1.19312
1.22525
1.49804
1.22358
1.22608
1.22463
1.22575
1.23104
1.48667
1.22412
1.23212
1.21567
1.21992
1.41975
1.23275
1.21479
1.21742
1.23721
1.21175
1.22321
1.2455
1.20675
1.44758
1.20142
1.2205
1.25063
1.21742
1.21471
1.43717
1.22496
1.22121
1.22146
1.20437
1.43204
1.22217
1.19396
1.23446
1.20496
1.23904
1.26475
1.22108
1.20617
1.22454
1.2355
1.19175
1.21875
1.22108
1.2145
1.23046
1.64721
1.22663
1.20117
1.20737
1.49063
1.19504
1.21588
1.24075
1.18675
1.22333
1.54521
1.15596
1.19929
1.2155
1.21121
1.26417
1.16442
1.21037
1.22225
1.42467
1.22925
1.21833
1.21188
1.22792
1.19837
1.24433
1.40258
1.21246
1.24375
1.21463
1.20042
1.23804
1.41421
1.22108
1.20188
1.27738
1.17962
1.43904
1.24996
1.20383
1.24608
1.21479
1.19667
1.21513
1.22667
1.47654
1.19833
1.20396
1.23908
1.22867
1.22562
1.27208
1.34992
1.23467
1.21783
1.24971
1.20817
1.19458
1.42208
1.20446
1.22588
1.24463
1.19129
1.23596
1.2045
1.437
1.20492
1.21854
1.2125
1.21417
1.2225
1.45433
1.19437
1.22283
1.20279
1.27521
1.17796
1.43088
1.20025
1.23463
1.21658
1.20525
1.21446
1.27021
1.20675
1.20421
1.28146
1.17167
1.19988
1.32633
1.16096
1.5115
1.15325
1.25583
1.20388
1.23092
1.25346
1.24258
1.51017
1.24813
1.24333
1.19992
1.25296
1.21146
1.4645
1.23421
1.19842
1.22596
1.23354
1.22246
1.46358
1.19563
1.24542
1.194
1.24675
1.21433
1.25629
1.50071
1.20717
1.20225
1.21471
1.21342
1.23021
1.23654
1.52996
1.16367
1.20267
1.21958
1.28146
1.20642
1.31446
1.38963
1.22633
1.212
1.21471
1.25283
1.18504
1.47908
1.25487
1.23646
1.23246
1.2355
1.22796
1.51671
1.28183
1.21858
1.22071
1.23362
1.24304
1.20046
1.514
1.25246
1.22167
1.22417
1.23113
1.2965
1.22858
1.50921
1.22625
1.23
1.2245
1.22175
1.24033
1.251
1.22075
1.25396
1.23292
1.19767
1.28725
1.17692
1.30667
1.50788
1.24758
1.21408
1.27683
1.17229
1.28029
1.53363
1.21962
1.22508
1.20342
1.23642
1.24646
1.57617
1.19637
1.28579
1.21317
1.27067
1.16904
1.25321
1.56438
1.22658
1.23271
1.20979
1.21104
1.24329
1.45683
1.27346
1.15025
1.22546
1.23483
1.23492
1.35379
1.44267
1.19663
1.22688
1.21508
1.23758
1.23942
1.3535
1.16671
1.592
1.32696
1.28954
1.17275
1.24083
1.53392
1.24817
1.24533
1.26854
1.2415
1.20067
1.50958
1.23129
1.31458
1.22529
1.2605
1.21846
1.29596
1.44246
1.40146
1.15129
1.21138
1.24071
1.22517
1.19696
1.381
1.48242
1.16821
1.26804
1.17938
1.2485
1.50946
1.21021
1.33025
1.20388
1.19675
1.24887
1.47967
1.19317
1.28571
1.23329
1.30867
1.12954
1.36108
1.40158
1.36375
1.30596
1.08875
1.20933
1.24217
1.23267
1.18675
1.62875
1.30462
1.22913
1.20054
1.68533
1.09712
1.21117
1.23354
1.23483
1.25621
1.18367
1.46775
1.218
1.20271
1.23642
1.21858
1.20371
1.45954
1.22308
1.21208
1.22504
1.22296
1.21925
1.22004
1.38013
1.09383
1.20267
1.23358
1.22087
1.22608
1.23867
1.21858
1.22383
1.26012
1.58004
1.26738
1.16487
1.21421
1.53254
1.24887
1.21633
1.22087
1.25329
1.18896
1.46858
1.2
1.231
1.25633
1.22854
1.28208
1.21896
1.22042
1.24158
1.20621
1.25879
1.24146
1.18608
1.216
1.22588
1.25525
1.59787
1.33429
1.19475
1.20921
1.67058
1.14233
1.37229
1.12192
1.21725
1.19992
1.27142
1.51087
1.24396
1.307
1.19046
1.27588
1.16213
1.52554
1.22879
1.29379
1.24529
1.18329
1.20996
1.373
1.34258
1.25233
1.21729
1.21979
1.26137
1.19979
1.55654
1.23638
1.21792
1.19804
1.31083
1.13375
1.22562
1.57783
1.28267
1.26542
1.16071
1.22317
1.21825
1.5145
1.21721
1.23433
1.30708
1.29417
1.14237
1.37217
1.39129
1.24571
1.32037
1.2035
1.2755
1.19125
1.46571
1.3105
1.33229
1.20821
1.27983
1.18542
1.19188
1.59917
1.24483
1.19971
1.23825
1.23329
1.19837
1.53117
1.21463
1.2
1.23725
1.266
1.14321
1.22867
1.22612
1.21071
1.23158
1.21287
1.19608
1.213
1.198
1.52263
1.32058
1.21262
1.21683
1.3345
1.22371
1.66433
1.14421
1.26638
1.25371
1.20037
1.22038
1.51188
1.21487
1.20633
1.32871
1.199
1.20367
1.18183
1.5255
1.26362
1.34721
1.145
1.22567
1.20383
1.47942
1.21571
1.25946
1.32254
1.218
1.17046
1.23533
1.20292
1.22492
1.73058
0.955416
1.21525
1.23933
1.21008
1.19858
1.48475
1.22292
1.21575
1.2165
1.23779
1.2185
1.2075
1.20833
1.22513
1.22417
1.20604
1.21463
1.21612
1.20004
1.21846
1.24808
1.21125
1.21521
1.19817
1.2345
1.21417
1.22583
1.24
1.18829
1.2265
1.2185
1.22513
1.21892
1.4585
1.22154
1.21087
1.22429
1.20842
1.22146
1.20362
1.24533
1.23042
1.20121
1.213
1.24775
1.20538
1.20362
1.22233
1.20083
1.20971
1.23242
1.22229
1.21033
1.1965
1.24367
1.22054
1.22058
1.20854
1.22008
1.2095
1.24838
1.2205
1.19004
1.2215
1.228
1.23675
1.20071
1.20279
1.24263
1.21029
1.24142
1.26229
1.38429
1.22083
1.22071
1.22346
1.21633
1.18483
1.2355
1.21621
1.18863
1.222
1.24017
1.219
1.21471
1.21596
1.20825
1.21775
1.23475
1.19233
1.20508
1.24492
1.20908
1.21346
1.20554
1.24012
1.18871
1.30108
1.17788
1.226
1.18954
1.26533
1.18092
1.20287
1.22529
1.21404
1.49138
1.22113
1.22133
1.21538
1.22979
1.30279
1.462
1.19996
1.20608
1.24554
1.20733
1.2395
1.21896
1.44642
1.21508
1.22429
1.22437
1.40138
1.03812
1.216
1.21983
1.22921
1.51725
1.2125
1.22775
1.21113
1.30912
1.18246
1.21113
1.23992
1.25721
1.27254
1.23025
1.20563
1.21775
1.51471
1.20988
1.539
1.00325
1.2365
1.18479
1.22579
1.26388
1.24375
1.1495
1.25354
1.52796
1.12617
1.20471
1.23575
1.213
1.28633
1.25654
1.2015
1.231
1.20671
1.21625
1.30929
1.11771
1.23308
1.49438
1.30471
1.17388
1.22237
1.21379
1.20354
1.30917
1.20208
1.26483
1.17329
1.23617
1.33983
1.19888
1.43442
1.25846
1.19996
1.22608
1.56529
0.963833
1.52038
1.21204
1.21633
1.23558
1.22354
1.23517
1.24583
1.49179
1.22158
1.21046
1.22617
1.42554
0.995375
1.20175
1.25179
1.21454
1.22463
1.18763
1.22746
1.19917
1.23196
1.22221
1.2195
1.49254
1.21804
1.22758
1.2345
1.22679
1.21379
1.23742
1.21833
1.19863
1.22062
1.23121
1.211
1.17079
1.23254
1.23542
1.22554
1.21375
1.20675
1.46146
1.21588
1.22246
1.22717
1.21567
1.19854
1.22025
1.18296
1.23096
1.24871
1.21604
1.215
1.23062
1.20754
1.20533
1.22488
1.22292
1.21046
1.2145
1.19942
1.20583
1.26087
1.219
1.21483
1.23362
1.22517
1.23108
1.19675
1.20021
1.21442
1.24271
1.20804
1.21746
1.22954
1.25242
1.20975
1.18921
1.25521
1.24762
1.19563
1.39821
1.20983
1.20942
1.24613
1.23713
1.22479
1.19079
1.22092
1.22625
1.24871
1.22392
1.23
1.23383
1.21425
1.22542
1.21308
1.24062
1.18958
1.20458
1.22004
1.22658
1.22321
1.21013
1.22292
1.21325
1.21571
1.22083
1.20929
1.23158
1.20975
1.20408
1.24367
1.22717
1.18942
1.22321
1.22017
1.23638
1.22096
1.20679
1.21304
1.22467
1.21113
1.22917
1.20429
1.21492
1.23429
1.20487
1.22113
1.44925
1.21633
1.20988
1.22554
1.20342
1.22454
1.21513
1.22829
1.19583
1.25025
1.19162
1.21046
1.24075
1.20442
1.22287
1.21746
1.20283
1.23046
1.277
1.16825
1.23042
1.21042
1.23629
1.227
1.22317
1.19783
1.21138
1.22217
1.23817
1.22129
1.20229
1.23258
1.22021
1.20437
1.20796
1.21692
1.23108
1.22983
1.201
1.26913
1.16213
1.21887
1.2145
1.21254
1.20708
1.25675
1.18467
1.22013
1.68663
1.18508
1.21033
1.2045
1.24913
1.20629
1.21075
1.22225
1.21404
1.21179
1.24337
1.18629
1.21154
1.21313
1.22562
1.21783
1.18758
1.21642
1.23817
1.17129
1.25071
1.19471
1.207
1.21883
1.22058
1.21121
1.2045
1.23083
1.19558
1.21371
1.24987
1.1725
1.189
1.23579
1.22138
1.21304
1.20762
1.22212
1.21287
1.22721
1.24388
1.18521
1.24463
1.219
1.20104
1.26646
1.13938
1.23425
1.19817
1.22821
1.23263
1.17192
1.22237
1.21042
1.22817
1.21604
1.23021
1.2135
1.22692
1.22575
1.20742
1.22212
1.23296
1.21213
1.22387
1.20479
1.20533
1.23392
1.23546
1.208
1.21213
1.2135
1.24571
1.19612
1.19671
1.24617
1.22971
1.2285
1.20667
1.21538
1.20037
1.23108
1.21513
1.21533
1.27596
1.16692
1.28804
1.12846
1.23742
1.38413
1.33292
1.22783
1.23129
1.20796
1.23788
1.21242
1.20417
1.22729
1.23925
1.18554
1.21133
1.22046
1.22617
1.19846
1.22542
1.21133
1.21642
1.216
1.22017
1.19054
1.26758
1.19454
1.20454
1.24121
1.17675
1.22338
1.22292
1.23217
1.22279
1.20183
1.26696
1.1545
1.22788
1.23217
1.20858
1.22071
1.22204
1.20412
1.19108
1.20275
1.22308
1.23383
1.20788
1.22396
1.20637
1.19863
1.22267
1.20046
1.22617
1.236
1.19129
1.23921
1.18183
1.23904
1.20042
1.22304
1.23388
1.22392
1.18667
1.19854
1.22704
1.22558
1.20554
1.24442
1.20013
1.21758
1.22192
1.19821
1.22979
1.2385
1.21538
1.22071
1.20083
1.22867
1.21842
1.23087
1.20879
1.22837
1.25604
1.15883
1.23117
1.25063
1.19867
1.21813
1.20242
1.23021
1.21054
1.19767
1.21683
1.44808
1.22821
1.23346
1.20558
1.23946
1.19904
1.2235
1.20417
1.21988
1.20825
1.23721
1.22146
1.19279
1.23446
1.20108
1.23258
1.18983
1.26604
1.217
1.22258
1.21717
1.20262
1.40604
1.16288
1.21471
1.20575
1.21358
1.21062
1.22754
1.24725
1.269
2.32875
1.15837
1.20225
1.234
1.266
1.19971
1.21783
1.19679
1.21908
1.20496
1.21988
1.19317
1.228
1.24117
1.19088
1.22229
1.20579
1.22829
1.22171
1.22933
1.20529
1.22729
1.2095
1.211
1.18867
1.242
1.21971
1.20471
1.23108
1.19804
1.20667
1.20933
1.22925
1.22583
1.19225
1.20408
1.29679
1.17504
1.2145
1.22321
1.2075
1.22321
1.23083
1.2095
1.20954
1.26021
1.21367
1.22508
1.22471
1.20242
1.20054
1.23408
1.22025
1.19754
1.22525
1.21713
1.2225
1.21567
1.2015
1.219
1.22017
1.233
1.18988
1.21721
1.22733
1.21942
1.20004
1.24646
1.20283
1.24925
1.18213
1.21971
1.20175
1.23533
1.2475
1.19058
1.22121
1.22779
1.22792
1.22042
1.25908
1.15546
1.23992
1.20546
1.21646
1.23271
1.21042
1.20292
1.21254
1.21479
1.24671
1.16958
1.24904
1.20879
1.20304
1.22725
1.22562
1.20329
1.21279
1.23925
1.18504
1.24446
1.23275
1.18975
1.20042
1.21996
1.23883
1.19921
1.22471
1.21425
1.23433
1.20233
1.2385
1.21029
1.22475
1.23187
1.19942
1.2005
1.24521
1.22183
1.18162
1.20767
1.23871
1.20658
1.221
1.2295
1.21329
1.20204
1.22492
1.21746
1.21062
1.21513
1.23629
1.17912
1.20129
1.23304
1.226
1.21658
1.22004
1.20283
1.21387
1.19825
1.22271
1.22654
1.23358
1.19837
1.19579
1.23113
1.21571
1.23729
1.20308
1.21592
1.23175
1.19529
1.23871
1.20667
1.22729
1.57754
1.2105
1.21825
1.22517
1.202
1.21879
1.21596
1.21788
1.24138
1.19512
1.22746
1.21892
1.20796
1.224
1.21792
1.20975
1.20004
1.23762
1.23654
1.22279
1.21696
1.22571
1.20217
1.25117
1.19521
1.21425
1.21908
1.19663
1.21171
1.22058
1.23196
1.21717
1.21237
1.17967
1.42479
1.23417
1.227
1.19546
1.23071
1.25608
1.15396
1.24821
1.22567
1.22871
1.18879
1.21142
1.22412
1.20042
1.20517
1.23392
1.20071
1.23813
1.19946
1.21363
1.19496
1.25504
1.21796
1.21663
1.20888
1.23442
1.18946
1.24133
1.22608
1.20125
1.25067
1.21417
1.23075
1.17733
1.24604
1.21517
1.22446
1.19742
1.22792
1.19775
1.20458
1.2245
1.21921
1.21175
1.18825
1.22417
1.263
1.16846
1.225
1.23183
1.20463
1.22629
1.20933
1.24675
1.2255
1.21487
1.20329
1.193
1.2185
1.61717
1.20371
1.21271
1.22433
1.19433
1.21108
1.20162
1.21721
1.24775
1.21887
1.20017
1.26129
1.19563
1.19204
1.24183
1.18308
1.28988
1.28258
1.18329
1.20937
1.19808
1.89683
1.214
1.23862
1.20408
1.19946
1.46321
2.06783
1.21833
1.22146
1.19908
1.21521
1.23079
1.20146
1.20575
1.26787
1.18567
1.21113
1.21492
1.22121
1.24917
1.17375
1.24275
1.21608
1.21396
1.20225
1.21958
1.21892
1.20688
1.25846
1.20837
1.18758
1.2125
1.2095
1.25146
1.22283
1.18525
1.21842
1.18471
1.23458
1.22175
1.27304
1.22513
1.20083
1.18512
1.21338
1.20754
1.24704
1.34871
1.10042
1.20513
1.27038
1.18254
1.22167
1.22375
1.20158
1.20371
1.22154
1.20863
1.22804
1.20042
1.23087
1.20054
1.22396
1.1935
1.24488
1.17792
1.22567
1.26162
1.17717
1.1965
1.26479
1.20546
1.20129
1.24067
1.21717
1.24542
1.38171
1.30992
1.18608
1.21904
1.21363
1.19325
1.23713
1.24096
1.21375
1.25317
1.22225
2.09083
1.20525
1.24017
1.19946
1.25762
1.21608
1.26117
1.16325
1.2335
1.20546
1.20975
1.23537
2.11758
1.22233
1.24388
1.21304
1.64212
1.29621
1.59546
1.22162
1.55183
0.953375
1.20504
1.21496
1.22417
1.22146
2.28483
1.16025
2.35663
15.3129
1.83221
2.57271
3.70692
2.82396
2.32129
1.80338
2.40425
2.41271
2.71258
2.86888
2.528
2.39296
2.56846
1.58808
6.08442
4.07846
6.11638
2.91825
4.36096
2.6875
1.96417
2.26179
1.06433
1.29296
1.30079
1.31804
0.911541
0.921084
1.45325
0.944417
0.971208
0.938
0.914583
0.933041
0.919666
0.903
1.61854
0.816583
0.924125
0.938459
0.928208
0.914958
0.893125
0.955833
0.998834
1.42983
0.941167
0.913375
0.908125
0.924542
0.973292
0.854458
0.932125
1.41346
0.9355
0.916916
0.970875
0.939875
0.917542
0.923333
0.927291
1.20758
0.91875
0.925542
0.931583
0.939209
0.918416
0.924459
0.915583
0.918
1.21683
0.89175
0.911625
0.934625
0.919458
0.958166
0.9305
0.896584
0.91075
0.937958
1.30712
0.87
0.922625
0.887583
0.980667
0.972458
0.897542
0.906334
1.22796
0.933375
0.915792
0.932917
0.948291
0.901583
0.934042
0.906833
1.21492
0.91825
0.940667
0.900667
0.914125
0.914084
0.99025
0.845375
0.910791
1.16246
0.939416
0.916584
0.917208
0.983333
0.867833
0.923292
0.910291
0.926125
0.913542
1.35983
0.80125
0.9335
0.920292
0.902625
0.935
0.917208
1.23338
0.858458
0.923041
0.913917
0.916917
0.947583
0.906625
0.941792
0.925375
0.894
1.21017
0.948125
0.934542
0.932125
0.947833
0.948042
0.863833
0.961084
1.13792
0.916375
0.919666
0.927792
0.94
0.900084
0.906458
0.93025
0.917334
0.96025
1.15583
0.920584
0.930875
0.914083
0.908125
0.944167
0.911417
0.918708
1.11408
0.91625
0.920959
0.935958
0.910625
0.910583
0.935
0.91
0.916583
0.923125
0.918667
1.12437
0.921416
0.9415
0.900833
0.933625
0.910042
1.12771
0.919458
0.925125
0.913916
0.909416
0.920541
0.969334
0.8745
0.913042
0.928792
0.932708
1.11992
0.939333
0.917667
0.927667
0.9085
0.924042
0.910375
1.14083
0.922458
0.926167
0.940667
0.881125
0.953958
0.907667
0.926833
0.893458
0.932958
0.9265
1.1275
0.92625
0.935958
0.918625
0.90825
0.914541
1.14596
0.924916
0.905083
0.912375
0.96125
0.903125
0.91225
0.896709
0.912583
0.937542
0.921125
1.123
0.929375
1.01087
0.831
0.990042
0.868208
0.91
1.13662
0.925709
0.911583
0.918
0.92675
0.915791
0.924709
0.912208
0.911334
0.936833
0.922875
1.12075
0.912
0.926
0.920542
0.9185
0.910333
0.982166
1.11354
0.911208
0.924334
0.912
0.916542
0.937792
0.895167
0.928125
0.924125
0.917666
0.929542
1.12633
0.923667
0.953875
0.887375
0.918917
0.924042
1.11096
0.931084
0.900541
0.91275
0.918875
0.931084
0.927917
0.894083
0.91775
0.923584
0.933292
1.1395
0.922959
0.915458
0.932709
0.962833
0.880292
0.900833
1.17433
0.898
0.916958
0.916625
0.970792
0.927708
0.904708
0.903334
0.920583
0.933417
0.925792
1.12629
0.928459
0.9205
0.925042
0.949
0.911
0.921292
1.16237
0.903709
0.923208
0.947584
0.924542
0.935833
0.916625
0.9255
1.15263
0.917625
0.91125
0.988416
0.859041
0.915875
0.923916
0.918417
0.931833
1.12633
0.941375
0.907875
1.03071
0.852333
0.935125
0.9335
0.890875
0.930375
0.915125
0.932125
1.11312
0.928708
0.919542
0.939917
0.901541
0.922041
0.910959
1.15092
0.90475
0.907417
0.9285
0.941708
0.905042
0.902542
0.926542
0.932458
0.915375
1.12067
0.927375
0.932041
0.913417
0.929
0.916583
0.930417
0.929833
0.950625
1.10008
0.913334
0.915625
0.915459
0.9255
0.933792
0.910167
1.1495
0.926375
0.929625
0.898416
0.939459
0.905667
1.00513
0.838959
0.919917
1.12733
0.90275
0.924
0.939625
0.920416
0.91225
0.914625
0.921167
0.91325
0.922959
1.1115
0.942958
0.929041
0.920708
0.9085
0.918125
0.93225
0.916916
1.12992
0.900792
0.932875
0.922417
0.916375
0.921375
0.907916
0.9375
1.12496
0.928709
0.904375
0.93675
0.921458
0.926416
0.90725
0.902583
0.913791
0.916792
0.928833
1.11271
0.940834
0.932708
0.922834
0.906416
0.919459
0.9265
1.12538
0.912
0.943083
0.903375
0.920125
0.933583
0.988
0.850291
0.921167
1.14925
0.890792
0.940292
0.902792
0.9245
0.938042
0.916041
0.915667
1.02137
1.04567
0.891875
0.910375
0.922667
0.932167
0.928834
0.899666
0.906584
1.21608
0.858041
0.901875
0.9195
0.933583
0.927542
0.912583
0.904334
0.932666
1.22204
0.817208
0.906584
0.918792
0.932958
0.913958
0.922917
0.940875
0.946459
0.871416
0.941584
0.920125
0.923834
1.03267
0.990958
0.876625
0.923
0.926417
0.925875
1.47313
0.931333
0.916666
0.915625
0.933208
0.936084
0.910875
0.913333
1.2235
0.941667
0.931459
0.915875
0.920625
0.9225
1.19475
0.628167
1.21292
0.923167
0.934292
0.890583
0.92275
0.936459
0.939541
0.916083
0.898292
0.961542
1.13013
0.922458
0.917041
0.92725
0.911916
0.941583
0.902125
0.915792
1.27917
0.875208
0.896667
0.919292
0.923291
0.915459
0.916917
0.955875
1.12058
0.949584
0.945291
0.953
1.01892
1.11854
0.750375
0.886458
0.914458
0.926
1.61238
0.929875
1.01212
0.835791
0.938084
0.910083
1.01071
1.06554
0.706792
0.926083
1.04754
0.821459
0.932125
0.95725
0.913459
0.90975
0.937417
1.29842
0.932625
0.947292
0.9105
0.935
1.01133
0.839625
0.889208
1.23125
0.949625
0.917667
0.937375
0.928625
0.914458
0.918875
0.913625
1.15437
0.939208
0.921792
0.914875
0.917833
0.933708
0.907625
0.914083
0.943125
1.10537
0.9485
0.920833
0.906584
0.93975
0.923833
0.908875
0.932875
0.943459
0.914833
0.951542
0.922042
0.93625
0.899375
0.91275
0.919625
0.928834
0.917375
0.95225
1.17371
0.922041
0.900041
0.938209
0.915625
0.913833
0.91675
0.913916
1.16721
0.928291
0.929667
0.905542
0.942875
0.920167
0.915875
0.909667
0.935042
1.15792
0.912792
0.929042
0.997917
0.838292
0.911708
0.910542
0.904417
1.14508
0.939416
0.898917
0.920958
0.928041
0.918167
0.927917
0.909583
0.907292
0.911708
0.908834
1.14892
0.928041
0.909708
0.929125
0.91625
0.971375
0.879542
1.14237
0.932208
0.921959
0.935833
0.933708
0.89675
0.918334
0.960958
0.865792
1.12229
0.94425
0.928667
0.912542
0.917834
0.908916
0.9595
0.853166
0.931333
0.909875
0.936167
0.883459
0.92675
0.932416
0.910958
0.926042
0.891208
0.925416
1.13796
0.934125
0.91
0.932208
0.931334
0.922083
0.907208
0.919333
1.06012
1.03029
0.905375
0.929833
0.907834
0.933083
0.9025
0.922458
0.899875
1.22267
0.855792
0.911208
0.912708
0.900667
0.931
0.911375
0.91625
0.935209
0.898458
0.923125
1.13517
0.930625
0.933667
0.932916
0.932125
0.935458
0.911333
0.903375
0.9235
1.13833
0.915667
0.9365
0.912916
0.901416
0.978167
0.880375
1.13625
0.896792
0.927167
0.932792
0.917167
0.90975
0.991541
0.84025
0.923833
1.12613
0.959208
0.902458
0.907084
0.932292
0.926791
0.905084
0.905625
0.922416
0.930208
1.21437
0.868292
0.919334
0.93125
0.904791
0.913875
0.906875
1.04471
1.02575
0.925333
0.888666
0.937292
0.91525
0.920583
0.930875
0.88575
1.13083
0.935084
0.918416
0.916875
0.932
0.935292
0.899417
0.948792
0.876541
1.14496
0.919334
0.908416
0.913834
0.916666
0.922542
0.903625
0.915834
0.917583
0.935
0.891541
1.14071
0.926625
0.926625
0.927958
0.964625
0.882375
0.900666
1.14296
0.933333
0.918084
0.913
0.921375
0.91975
0.922667
0.926542
0.881417
1.13717
0.927667
0.937792
0.913667
0.949417
0.890958
0.913209
0.913625
1.16529
0.893791
0.926625
0.901625
0.922584
0.92725
0.921417
0.895333
0.924875
0.916583
0.91625
1.16446
0.883
0.92475
0.936292
0.888375
0.956917
0.892
0.918375
1.15258
0.922167
0.913958
0.916708
0.928125
0.904917
0.92125
0.904083
1.16267
0.918875
0.917125
0.909541
0.932334
0.930167
0.991917
0.832292
0.900291
1.14138
0.925792
0.92575
0.90875
0.92125
0.921
0.924209
0.906042
0.931375
1.13854
0.906875
0.944458
0.899208
0.925708
0.911417
0.901959
0.924791
1.19142
0.883167
0.903334
0.920291
0.949166
0.886625
0.948458
0.965917
0.87175
1.07088
0.989791
0.901
0.938583
0.919584
0.941208
0.916125
0.8985
0.906834
1.10633
0.93
0.944834
0.895708
0.926292
0.908167
0.940458
0.911583
0.897334
1.15167
0.907208
0.945917
0.931125
0.920292
0.921917
0.982042
0.864375
0.90975
1.13604
0.974292
0.857125
0.923792
0.981042
0.88275
0.91525
0.903875
0.910833
1.14142
0.923583
0.932292
0.908084
0.90975
0.910625
0.922292
0.932084
1.14483
0.920208
0.905334
0.941833
0.932584
0.891083
0.931416
0.918125
0.916458
1.11629
0.931625
0.923916
0.910042
0.956125
0.889458
0.91725
1.0625
0.851834
1.16692
0.945917
0.928792
0.973208
0.851208
0.9135
0.966375
0.867584
0.954792
1.124
0.926167
0.910542
0.919625
0.905208
0.906625
0.930917
0.922375
1.00221
1.07337
0.899375
0.984792
0.863833
0.907125
0.928667
0.918625
0.930667
0.929417
0.929375
0.914625
0.934125
0.901292
0.925458
0.914667
0.921625
0.918334
0.920542
0.919417
0.916667
1.20067
0.917208
0.933375
0.916125
1.04492
0.858333
0.935667
1.17283
0.951166
0.897541
0.931166
0.904458
0.941292
0.935709
0.9135
0.918334
0.922958
0.915542
0.894792
0.922666
0.908833
0.926875
0.911292
0.925958
0.926709
0.898916
1.18142
0.938375
0.916125
0.933666
0.933875
0.930125
0.9375
0.928167
0.97175
0.850958
0.928209
0.940625
0.914333
0.930667
0.883083
0.94425
1.23496
0.876666
0.906666
0.936958
0.916584
0.918958
0.913416
0.953834
0.920375
1.12225
0.918292
0.926959
0.91375
0.917417
0.927375
0.917417
0.93125
0.944667
0.929584
0.94175
0.894209
0.945833
0.906709
1.00258
0.915875
0.870625
0.92
1.2335
0.906375
0.906792
0.930792
0.932333
0.934916
0.967625
0.910125
1.17067
0.942708
0.910583
0.911916
0.935083
0.928334
0.92725
0.908958
0.906584
1.18521
0.932625
0.909208
0.947333
0.93175
0.922542
0.91425
0.938916
0.930875
0.942166
0.921917
0.915958
0.907542
0.935959
0.899917
0.905875
0.919375
0.936417
0.907166
1.317
0.812541
0.902542
0.942
0.904292
0.987791
0.852125
1.18867
0.9045
0.913209
0.908458
0.922
0.927959
0.906875
0.90625
0.913167
0.9225
0.9145
1.18721
0.915666
0.903875
0.937167
0.972292
0.852375
0.95175
1.12021
0.925
0.91925
0.929125
0.909916
0.925792
0.913417
0.915708
0.928209
1.13662
0.914875
0.929458
0.900542
0.911833
0.91725
0.909542
0.928667
1.11813
0.942291
0.904708
0.94525
0.919417
0.929292
0.915167
0.934666
0.886708
0.95375
1.10392
0.938209
0.917958
0.923042
0.9145
0.911083
0.93475
0.888
1.12404
0.939166
0.924416
0.904958
0.914208
0.921666
0.912083
0.9195
0.925084
1.16542
0.872875
0.901458
0.925458
0.915667
0.934542
0.992166
0.838041
0.946167
1.12875
0.924125
0.919542
0.929208
0.913
0.916042
0.919791
0.912333
1.06737
0.984916
0.922833
0.928375
0.921042
0.895584
0.97875
0.847042
1.06392
0.813042
0.928459
0.934791
0.902542
0.915792
0.907666
0.911375
0.921917
0.922833
0.919708
0.920833
0.962083
1.14138
0.918334
0.932208
0.921334
0.967833
0.856584
1.32079
0.925583
0.909917
0.927209
0.917417
0.91725
0.923542
0.898084
0.926625
1.14554
0.927875
0.936792
0.913375
0.922208
0.9175
0.93525
0.881708
0.937167
0.903458
0.923459
1.13383
0.919208
0.927584
0.899708
0.925416
0.921458
0.914875
1.12958
0.918375
0.926084
0.9125
0.922584
0.909416
0.920125
0.921041
0.927667
0.93325
0.915209
1.141
0.92575
0.918209
0.919875
0.923625
0.913875
1.16454
0.92325
0.923959
0.923666
0.90625
0.939792
0.910292
0.903042
0.910625
1.15442
0.902042
0.916
0.902125
0.931584
0.920958
0.98525
0.863167
0.924792
0.924792
0.908042
0.946
1.11633
0.939333
0.911125
0.92175
0.916875
0.914209
1.13625
0.929166
0.907291
0.921542
0.916209
0.915333
0.934833
0.920042
0.926209
0.920791
0.908459
1.13696
0.929791
0.940167
0.911584
0.91525
0.925458
0.91675
1.13767
0.920875
0.911583
0.920375
0.930625
0.906167
0.90875
0.955375
0.904208
0.909667
0.915375
1.12608
0.950667
0.924833
0.908625
0.913917
0.919042
0.92875
0.914166
1.12867
0.915042
0.934917
0.915542
0.987833
0.842417
0.922375
1.16325
0.90025
0.925209
0.911041
0.93625
0.924875
0.919208
0.928083
0.922083
0.912417
1.13333
0.924458
0.911667
0.921542
0.921125
0.914625
0.9355
0.967666
0.859375
1.12567
0.93525
0.922459
0.917958
0.9185
0.906792
0.92475
1.22317
0.842875
0.918083
0.923459
0.922792
0.9205
0.913875
0.908459
0.929542
0.924792
0.910375
1.11996
0.92875
0.929417
0.917667
0.904042
0.982458
0.86525
0.9375
1.041
1.00304
0.926875
0.924916
2.37142
3.82921
0.9415
1.11675
0.95475
1.09942
0.801584
1.15221
1.11883
0.930833
0.919292
0.917
0.935291
0.936791
0.927917
0.939292
0.947792
1.11783
0.937083
0.917375
0.920666
0.912
0.932125
0.913417
0.9295
1.09192
0.933084
0.919083
0.91625
0.912625
0.9245
0.974292
0.860125
0.920167
1.143
0.911167
0.926792
0.924167
0.914583
0.92825
0.908333
0.918834
0.910541
0.940583
0.908667
1.128
0.92925
0.920792
0.910833
0.914209
0.922
0.921
0.908
0.928084
0.911541
0.921125
0.927625
0.9155
0.927042
0.908416
0.929334
0.904375
0.924458
0.911459
1.15088
0.923125
0.918709
0.917042
0.918083
0.920125
0.925125
0.909334
0.936
0.919417
0.907
0.917833
0.917875
0.926166
0.907583
0.93425
0.903791
0.908125
0.920083
0.922625
0.92425
0.918709
0.912833
0.900791
0.929708
0.913542
0.9195
0.917833
0.923334
0.915875
0.929417
0.913917
0.91575
0.914458
0.936125
0.90475
0.918125
0.938042
0.913333
0.92225
0.908708
0.926333
0.922917
0.917959
1.12304
0.948792
0.912583
0.919666
0.920125
0.91625
0.923917
0.929417
0.915584
0.916583
0.9135
0.96175
0.903542
0.907792
0.924834
0.907083
0.926666
0.920666
0.909375
0.914083
0.9275
0.920458
0.922709
0.912333
0.918
0.918625
0.918459
0.924125
0.924
0.912708
0.916166
0.926708
0.90275
0.914125
0.925583
0.907625
0.92075
0.900792
0.919
0.925916
0.962625
0.868708
0.922709
0.910625
0.919584
0.946708
0.9215
0.922458
0.91725
0.968083
0.87425
0.908875
0.915584
0.920792
0.916958
0.911125
0.920458
0.915375
0.928
0.914709
0.907542
0.924208
0.914
0.919666
0.913666
0.905375
0.924083
0.916875
0.921208
0.912167
0.914417
0.913042
0.92075
0.907916
0.9185
0.916583
0.92825
0.922875
0.917042
0.916792
0.916167
0.91375
0.915833
0.917042
0.915875
0.914291
0.92
0.911958
0.912459
6.20362
