4.45067
3.18033
2.71292
1.21113
1.15825
1.14883
1.14796
1.19225
1.15025
1.22833
0.7795
0.824
0.873417
1.436
0.832375
0.818375
0.813958
0.952792
0.787875
0.812959
0.816541
2.03163
0.875459
0.796375
0.8255
0.81275
0.849125
0.887166
0.791792
0.83525
0.805625
0.819625
0.822167
0.852792
0.81875
0.821708
0.831917
0.849209
0.8485
0.860791
1.51883
0.83725
0.822416
0.83775
0.812333
0.833959
0.922583
0.804209
0.823292
1.62608
0.801584
0.848291
0.835167
0.832083
0.831584
0.917
0.796542
0.826167
0.79225
0.835958
0.831042
0.823167
0.829708
0.796625
0.842959
0.879375
0.824583
0.832583
1.62367
0.827417
0.825125
0.849792
0.802417
0.844291
0.891208
0.8285
0.848875
1.42938
0.810625
0.8635
0.81125
0.816875
0.9615
0.782166
1.02812
0.826458
1.52208
0.73825
0.841875
0.797166
0.823916
0.854833
0.914084
0.783625
0.816666
0.83125
0.817166
0.824959
1.48388
0.835791
0.794667
1.08183
0.700083
0.833958
0.815917
0.838
0.8295
0.946917
0.679833
0.965458
0.871292
0.895375
0.766125
0.828375
0.849417
0.803417
0.951167
1.38321
0.780083
0.829625
0.819
0.861083
0.853417
1.19992
1.60821
0.757
0.927167
0.853167
0.866292
0.821458
0.810709
0.844792
1.51913
0.802417
0.800166
0.847875
0.8105
0.85675
0.919208
0.778166
0.804958
1.4605
0.834375
0.837333
0.821333
0.838583
0.8045
0.9395
0.782125
0.807
1.45271
0.82875
0.853083
0.80125
0.817291
0.857166
0.902375
0.82
0.809333
0.953708
1.322
0.822917
0.836708
0.833625
0.812291
0.837166
0.90225
0.785916
0.848209
1.43125
0.826917
0.8235
0.838583
0.806959
0.831166
0.984542
0.725542
0.827958
0.832666
0.801
0.84275
0.806667
0.82675
0.888541
0.814959
0.81675
0.818708
0.826333
1.44192
0.836792
0.818667
0.804792
0.820625
0.91425
0.758167
0.913167
0.758334
0.834833
1.45492
0.826292
0.819875
0.840958
0.814125
0.870334
0.802042
0.83925
0.825458
1.46683
0.827583
0.825833
0.837667
1.00446
0.802209
1.01767
0.833083
0.804709
1.49842
0.803667
0.832708
0.827125
0.81275
0.863459
0.854875
0.810333
0.815709
1.49054
0.831208
0.808458
0.826709
0.829833
0.852458
0.989833
0.678542
0.842833
0.838959
0.824917
1.07867
1.20979
0.821708
0.830292
0.859333
0.851459
0.821333
0.842375
1.51067
0.748625
0.813209
0.845583
0.878625
0.831333
0.83275
0.822833
0.835917
1.47933
0.81925
0.812917
0.825959
0.830541
0.999042
0.686
0.958542
0.825209
1.48654
0.811833
0.836
0.826209
0.820375
0.88825
0.831875
0.793709
0.853
1.42883
0.827125
0.829125
0.822625
0.83125
0.818166
0.896208
0.819792
0.8565
1.43388
0.810667
0.825458
0.831625
0.814125
0.864417
0.85675
0.8445
0.84575
0.817291
0.831708
0.82175
1.47083
0.828958
0.846583
0.8685
0.862834
0.804125
0.808875
0.831083
0.840292
0.819875
0.815625
0.834625
0.816375
0.863667
0.823625
0.883916
0.806166
0.821584
1.45921
0.83225
0.830167
0.8235
0.928125
0.8745
0.739125
0.833375
1.44437
0.8715
0.820417
0.833417
0.855875
0.832708
1.01554
0.663125
0.8445
1.4815
0.801208
0.8415
0.800083
0.822125
0.806959
0.8855
0.813042
0.833917
0.802292
0.824416
1.42517
0.859708
0.838666
0.867959
0.830291
0.837625
0.833875
0.832084
1.48225
0.820792
0.823
0.842209
0.865875
0.833
0.838583
0.829792
0.825
1.47496
0.829416
0.827083
0.799208
0.860958
0.830459
0.79375
0.82725
0.849709
0.805417
0.828583
0.819375
0.804917
0.82575
0.802125
0.861125
0.9125
0.925125
0.716875
0.859917
0.841
0.80025
0.836833
0.812208
0.832208
0.849667
0.82125
0.828875
0.861083
0.82125
1.52571
0.832458
0.85875
0.783375
0.829417
0.927209
0.86125
0.7605
1.54525
0.8025
0.794292
0.850083
0.810333
0.802875
0.871083
0.83775
0.843792
0.845209
1.46183
0.843834
0.807708
0.836292
0.811291
0.962208
0.845042
0.789125
0.826584
1.505
0.8365
0.817625
0.79825
0.8425
0.868459
0.841958
0.843417
0.833417
1.45692
0.811958
0.834417
0.801542
0.805208
0.897375
0.829958
0.81625
0.840792
0.831083
0.811292
0.830041
1.49458
0.804791
0.802292
0.885708
0.841625
0.861
0.780125
1.47683
0.859792
0.815125
0.816084
0.83575
0.825334
0.840292
0.836167
0.81175
1.50321
0.813625
0.876667
0.80725
0.814917
0.856417
1.11517
0.592958
0.8425
0.832584
0.842708
1.06092
0.959
0.540041
1.11042
0.829959
0.937125
0.833125
0.857917
0.801792
1.56017
0.855375
0.825
0.801708
0.930583
0.801417
0.828375
0.95425
1.41337
0.810125
0.81575
0.831708
0.8885
0.791458
0.912625
0.788875
0.8345
1.52375
0.797166
0.846875
0.940791
0.806542
0.8975
0.810292
0.846666
0.803333
1.58608
0.809833
0.8315
0.847333
0.816625
0.837042
0.812875
0.839958
0.820625
1.51554
0.84525
1.18512
0.518125
0.9645
0.7985
0.892583
0.800083
0.841875
1.69579
0.734292
0.815042
0.835792
0.833375
0.826
0.839625
0.847917
0.803042
1.58621
0.736834
0.855083
0.882125
0.764625
0.857166
1.00138
6.16588
1.58675
2.00762
0.844708
2.08525
0.846209
1.25908
1.69117
1.34904
1.33013
2.94733
1.04021
1.14829
0.975125
1.11471
1.65229
0.934042
1.07429
0.821209
1.18104
1.41596
1.37063
2.14592
0.716709
0.875541
0.823833
0.782125
0.821958
0.815417
0.827875
0.825791
1.49871
0.805083
0.825292
0.826291
0.857375
0.814917
0.921917
0.95975
1.10008
0.803583
0.820041
1.01404
0.921958
1.26571
1.04517
1.212
0.895
1.17613
0.762666
1.25454
0.788458
0.710167
0.847208
0.81825
0.871875
0.8495
0.776625
1.55262
0.862917
0.806958
0.830959
0.824625
0.9675
0.759709
0.817583
1.13562
0.833292
0.8325
0.810375
0.814875
0.838541
0.848291
0.880166
0.742875
0.826417
1.47921
0.842875
0.8125
0.816917
0.832708
0.834917
0.898208
0.846791
0.852542
0.841958
0.825417
0.852084
0.847708
0.821083
0.847875
0.863417
0.842709
0.788541
0.849625
0.863125
1.58496
0.859083
0.803292
0.851167
0.843292
0.956916
0.721041
0.823209
1.48804
0.820458
0.821875
0.804375
0.833125
0.845166
0.861584
0.890833
0.834917
1.55525
0.731125
0.846458
0.789292
0.83575
0.845292
0.807375
0.841875
0.834916
0.804
1.51767
0.817292
0.8415
0.837083
0.889584
0.874583
0.827542
0.823958
0.838125
1.61154
0.834667
0.805834
0.813416
0.845375
0.81275
0.818334
0.813166
0.84075
1.49171
0.821291
0.829125
0.862333
0.823542
0.826167
0.932625
0.807708
0.947791
1.54496
0.746375
0.853708
0.785
0.820417
0.818959
0.88275
0.85075
0.831917
1.59633
0.692708
0.825125
0.847167
0.806292
0.813042
0.830417
0.829166
0.799125
1.44071
0.846583
0.827084
0.811791
0.843792
0.861625
0.907417
0.819292
0.882666
1.23254
0.903125
0.923041
0.805375
0.814042
0.836541
0.828583
1.04287
0.638458
0.839459
0.942291
1.48767
0.83375
0.841583
0.795166
0.831
0.972416
0.718292
0.842959
1.54004
0.84325
0.836042
0.818167
0.828958
0.827791
0.835167
0.862083
0.852375
0.854416
1.50354
0.812583
0.838959
0.837583
0.838708
0.811542
0.837958
0.825333
1.39887
1.00508
0.857542
0.808708
0.815708
0.825208
0.829166
0.885625
0.843
0.814125
1.65254
0.850083
0.836792
0.808542
0.819292
0.843292
0.896166
0.818041
0.828416
1.57467
0.838292
0.88875
0.800083
0.829667
0.838875
0.829834
0.845292
0.834375
1.57708
0.824084
0.824
0.849667
0.841792
0.902541
0.779958
0.853083
0.819084
1.47604
0.813291
0.843667
0.8215
0.809417
0.847583
0.889166
0.773916
0.845459
1.50154
0.85
0.806375
0.822125
0.835875
0.941958
0.844875
0.807291
0.833625
1.48204
0.857333
0.794292
0.826667
0.836
0.81975
0.8325
0.886417
0.830541
0.971834
1.31137
0.858292
0.824125
0.80225
0.831875
0.821292
0.968
0.744958
0.80625
1.495
0.827875
0.866542
0.812208
0.833
0.861583
0.820333
0.842959
0.827875
1.483
0.82025
0.829792
0.834667
0.839542
0.819125
0.815791
0.840042
0.932875
1.65808
0.594208
0.847542
0.839833
0.78475
0.827042
0.999083
0.708417
0.814625
1.58637
0.731959
0.829542
0.821542
0.823375
0.810417
0.8595
0.931958
0.779375
1.44183
0.840792
0.8035
0.868042
0.800625
0.846417
0.829416
0.8225
0.865791
0.792375
1.51571
0.817417
0.847291
0.830875
0.849208
0.864417
0.786709
0.821
0.827042
1.46283
0.829208
0.829417
0.814291
0.833042
0.8225
1.04433
0.669292
0.814333
1.41296
0.83575
0.8295
0.832166
0.821583
0.821833
0.893875
0.815583
0.816375
1.43104
0.829417
0.834542
0.79675
0.828292
0.834583
0.8115
0.839917
0.816458
0.855667
1.54579
0.809291
0.826666
0.814875
0.8685
0.824375
0.780375
0.829375
0.826042
1.38875
0.84325
0.870208
0.772667
0.834
0.8515
0.890917
0.808292
0.840167
1.37179
0.834625
0.827083
0.839292
0.842791
0.819125
0.984083
0.68675
0.831583
1.65121
0.600833
0.851584
0.812833
0.821542
0.804083
0.83575
0.8825
0.827042
0.845167
1.36308
0.826208
0.824459
0.835167
0.825958
0.822042
1.01038
0.704625
0.8215
1.38204
0.817666
0.8125
0.839541
0.819167
0.830334
0.945
0.748
0.838584
1.31725
0.831125
0.82425
0.830209
0.826542
0.828208
0.829
0.899375
0.790125
1.36467
0.792375
0.833084
0.787125
0.8185
0.83475
0.811416
0.898708
0.813792
0.821375
1.36404
0.855833
0.794917
0.809792
0.838833
0.850333
0.881667
0.806333
0.802083
0.823375
0.821375
1.33908
0.808708
0.830041
0.821667
0.855458
0.829584
0.82175
0.877833
1.32504
0.831167
0.808291
0.833084
0.82125
0.828458
0.849584
0.854625
0.818
0.838875
0.83425
1.32662
0.83525
0.818625
0.820708
0.871792
0.866291
0.759709
0.81725
0.851333
0.8275
1.373
0.81825
0.824791
0.876584
0.950083
0.70325
0.832959
0.840708
0.814958
1.32788
0.841375
0.818917
0.826208
0.900209
0.766042
0.833916
0.978333
1.18117
0.813
0.842708
0.80925
0.830833
0.818
0.939208
0.998375
0.811584
0.821542
0.827625
1.3405
0.824292
0.819208
0.81825
0.893542
0.830083
0.822417
0.833833
0.81275
1.32833
0.903334
0.757125
0.825625
0.909125
0.835459
0.796625
0.960833
1.18579
0.821042
0.83375
0.824709
0.837833
0.809458
0.887042
0.813083
0.856334
0.8085
0.968833
1.22962
0.831584
0.8165
0.809375
0.848917
0.809292
0.97975
0.742167
0.836292
1.42204
0.745167
0.800625
0.846333
0.894125
0.902459
0.755333
0.828416
0.853625
0.808584
1.56883
0.720667
0.821583
0.816209
0.839125
0.901042
0.809
1.38796
0.841375
0.805125
0.8365
0.832958
0.824042
0.838208
0.857959
0.8235
0.845125
0.830958
1.36029
0.822292
0.851708
0.819125
0.836458
0.866375
0.832292
0.843042
0.826375
0.861708
0.806584
1.34496
0.840042
0.83525
0.8885
0.803542
0.819458
0.827667
0.799875
0.828375
1.34942
0.84825
0.804917
0.87075
0.85775
0.814458
1.3145
0.816667
0.887667
0.777708
0.80175
0.846459
0.877208
0.874625
0.751709
0.838583
0.813375
0.853875
1.32204
0.821709
0.818458
0.832125
0.916041
0.812666
0.849166
0.8395
0.935042
1.22496
0.808208
0.841792
0.81325
0.851083
0.89975
0.822042
0.817667
0.838291
0.831084
1.37425
0.820959
0.815667
0.84825
0.883417
0.816625
0.83925
0.813792
0.828166
1.37488
0.787959
0.84
0.820417
0.940583
0.798709
0.812292
0.826
0.815417
1.36492
0.821334
0.859458
0.796375
0.809333
0.864875
0.859041
0.814916
0.813334
0.836666
1.36283
0.827958
0.831083
0.830167
1.13671
0.696
0.821166
1.35942
0.83075
0.849125
0.825208
0.809334
0.8135
0.989708
0.71775
0.823
0.9185
0.753208
1.05154
1.13038
0.843083
0.814208
0.899542
0.809708
0.84
0.808084
0.82575
0.884708
1.2795
0.822708
0.839709
0.827208
0.843542
0.805542
0.830708
0.995709
0.838333
1.24263
0.831625
0.796333
0.842709
0.914583
0.855125
0.776459
0.820416
0.834292
1.37175
0.858542
0.777709
0.813125
0.817125
0.935459
0.805458
0.80925
0.839334
0.809417
1.36779
0.810375
0.817083
0.821208
0.920458
0.80625
0.810291
1.50754
0.817375
0.833334
0.860875
0.788792
0.86725
0.92925
0.742792
0.844792
0.797292
0.823625
0.847042
1.35804
0.774417
0.92525
0.72825
0.973333
0.920584
0.79425
1.38921
0.817666
0.829667
0.812292
0.810958
0.860084
0.874792
0.851833
0.800541
0.817375
0.845333
0.828917
1.384
0.809208
0.818625
0.898917
0.833375
0.823375
0.831458
0.821625
1.37954
0.767292
0.845042
0.81175
0.855875
0.998041
0.742792
0.790917
1.35583
0.826084
0.841875
0.823875
0.828292
0.813542
0.822417
0.868917
0.811917
1.34675
0.831959
0.814583
0.838125
0.86275
0.851167
0.910208
0.802375
0.838041
0.806958
0.828208
0.828
1.49779
0.680334
0.953917
0.883083
0.829125
0.829542
0.830041
0.824166
0.843541
1.37758
0.805875
0.811625
0.825042
0.93175
0.792709
0.839208
1.34737
0.828125
0.832542
0.798667
0.816125
0.8705
0.854375
0.81
0.829458
0.825209
0.831375
1.32567
0.8215
0.837708
0.96375
0.741792
1.11533
0.801792
0.846625
0.791708
1.35187
0.852625
0.832
0.81025
0.814834
0.9825
0.733083
0.838333
1.37208
0.81125
0.846459
0.823666
0.8325
0.805583
0.901625
0.807625
0.828958
0.801417
0.811916
1.35875
0.879875
0.771666
0.810833
0.835292
0.855792
0.8265
0.862042
0.823958
1.42354
0.750334
0.805208
0.830292
0.80675
0.856167
0.82025
0.859959
0.814541
1.34558
0.816
0.854667
0.783083
0.820625
0.878916
0.801375
0.834042
0.826416
0.889292
1.27067
0.917375
0.729958
0.8305
0.85725
0.84325
0.835125
0.958125
0.835833
0.818167
1.36742
0.822458
0.830708
0.824792
0.844792
0.893292
0.838875
0.808709
0.828125
1.31963
0.830958
0.825042
0.823083
0.908084
0.7975
0.8755
0.786333
0.820541
1.3335
0.81975
0.842542
0.846917
0.81775
0.837292
0.861958
0.830084
0.822292
0.832208
0.877959
1.331
0.787375
0.815541
0.871375
0.823334
0.840583
1.40246
0.774542
0.827
0.814875
0.817
0.81925
0.865958
0.9815
0.826333
0.82575
0.804416
0.811583
1.33588
0.83925
0.816583
0.8185
1.06088
0.6655
0.83075
1.33075
0.850292
0.855667
0.799792
0.821625
0.808125
0.928042
0.835958
0.788792
0.834458
0.820416
1.35846
0.81525
0.823458
0.815333
0.9895
0.730083
1.05283
0.794958
0.824542
0.827542
1.37758
0.818584
0.822333
0.805375
0.862459
1.0505
0.818542
0.830125
5.18954
4.78717
3.31446
4.35104
1.58146
1.17242
1.18379
1.17237
1.64425
1.17812
1.1815
0.841709
0.910625
1.60196
0.787208
0.840875
0.824667
0.797458
0.822166
0.854542
0.893125
0.852792
1.38533
0.856292
0.817667
0.82325
0.832542
0.822125
0.954167
0.789709
0.842
1.49879
0.772459
0.836791
0.876625
0.762708
0.820459
0.821875
0.824166
0.823416
1.01604
1.23313
0.826583
0.863375
0.802583
0.819333
0.835958
0.807083
0.828792
0.821458
1.25842
0.850166
0.814875
0.821667
0.811916
0.839333
0.857208
0.776916
0.846666
0.816375
0.820292
1.3465
0.730708
0.827625
0.836791
0.8095
0.834333
0.833375
0.998625
0.98725
0.812958
0.927875
0.75325
0.821125
0.842167
0.834583
0.812792
0.826959
0.841167
0.794666
1.17588
0.820625
0.826
0.830208
0.834625
0.872
0.785333
0.827125
1.23525
0.748458
0.812333
0.841375
0.818541
0.812583
0.82325
0.809917
0.840541
0.83075
0.81975
0.91425
1.039
1.04146
0.814917
0.809333
0.872083
0.800417
0.804292
1.12675
0.866708
0.821292
0.820084
0.830583
0.822209
0.824833
0.82875
0.847958
0.849459
0.799791
1.05908
0.906083
0.846416
0.805959
0.824083
0.8465
0.809917
0.832292
0.839708
1.15183
0.864125
0.78525
0.851083
0.817375
0.8375
0.833375
0.842834
0.797958
0.833584
0.837375
1.36792
0.640583
0.857917
0.807375
0.82525
0.813208
0.8315
0.8425
0.81025
0.815584
1.14692
0.854167
0.813
0.8505
0.806125
0.824625
0.853666
0.844709
0.807625
1.15758
0.850834
0.833875
0.799833
0.817958
0.842667
0.869209
0.792917
1.34512
0.609541
0.853875
0.789625
0.8175
0.823875
0.834208
0.832917
0.842667
0.829292
0.826
0.839167
1.2035
0.753125
0.806458
0.82075
0.847708
0.811042
0.847667
0.814333
1.13454
0.889458
0.766875
0.855792
0.796
0.890167
0.749833
0.811625
0.846125
0.834042
0.820209
1.14221
0.828458
0.815
0.846917
0.820333
0.864084
0.780541
0.811334
1.20063
0.796458
0.814833
0.840167
0.805125
0.822458
0.824958
0.814167
0.830417
0.824458
1.16375
0.845958
0.809083
0.818417
0.826167
0.832958
0.838833
0.806417
0.811417
1.1525
0.833083
0.852125
0.812667
0.866416
0.769042
0.832625
0.877083
0.761792
0.828292
0.832417
0.852917
0.804167
1.07204
0.892625
0.820625
0.803583
0.82625
0.888291
0.773583
1.35125
0.606667
0.829958
0.835167
0.830792
0.831791
0.839584
0.794375
0.848958
0.823833
1.14421
0.834125
0.826833
0.8295
0.876042
0.789709
0.803458
0.829417
0.800208
1.03329
0.953709
0.825875
0.842625
0.840166
0.826291
0.832125
0.817125
0.937625
0.719417
0.816167
0.834042
0.814625
1.21612
0.78275
0.819209
0.829375
0.816667
0.816209
0.817375
1.13125
0.861
1.73371
0.808292
0.823208
0.879458
0.802292
0.811042
0.818417
0.830917
0.823625
0.815875
0.887208
0.769708
0.825708
0.841792
0.804292
0.819416
0.951791
0.780625
0.8405
0.83825
0.81
0.815667
0.81725
0.817708
0.828459
0.835541
0.888375
0.783125
0.968041
0.825709
0.809125
0.8115
0.825458
0.8595
0.8195
0.809083
0.834291
0.808625
0.855
0.804917
0.85575
0.811333
0.824375
0.806416
0.83025
0.814958
0.80625
0.819375
0.824125
0.823291
0.823042
0.834083
0.85575
0.829625
0.80475
0.839791
0.801834
0.823458
0.814291
0.8255
0.830375
0.814708
0.811375
0.837375
0.810709
0.834458
0.821125
0.814083
0.83025
0.818875
0.844208
0.860917
0.851
0.774875
0.860917
0.786833
0.870334
0.81125
0.790958
0.833875
0.81175
0.832667
0.834291
0.8285
0.82375
0.821291
0.814917
0.819292
0.84675
0.818875
0.8445
0.836334
0.812375
0.812541
0.828416
0.813416
0.8875
0.799125
0.805792
0.834833
0.816709
0.821375
0.820875
0.829833
0.829791
0.803375
0.8215
0.826833
0.820584
0.817333
0.822333
0.821125
0.82625
0.832833
0.877167
0.76575
0.837875
0.821916
0.922625
0.762709
0.925375
0.85925
0.800167
0.820792
0.885083
0.755167
0.83
0.803917
0.826875
0.811209
0.831333
0.825083
0.806084
0.82825
0.8235
0.838333
0.819625
0.825916
0.824
0.812083
0.830083
0.829334
0.815958
0.835584
0.806375
0.828375
0.943167
0.743833
0.863042
0.837542
0.780833
0.841125
0.840333
0.806042
0.828833
0.82875
0.820292
0.817
0.8265
0.823
0.843709
0.812417
0.81725
0.816708
0.832167
0.826709
0.822833
0.831625
0.900292
0.769041
0.806791
0.826459
0.809458
0.820791
0.8085
0.832875
0.818917
0.8315
0.817833
0.82175
0.827667
0.824709
0.826042
0.825916
0.828541
0.831333
0.832834
0.844667
0.793041
0.8615
0.7945
0.844791
0.813084
0.840875
0.818125
0.8265
0.821292
0.832875
0.798459
0.832166
0.82775
0.81625
0.816667
0.831208
1.59508
1.54542
0.802542
0.830167
0.816292
0.818417
0.818458
0.8155
0.848709
0.80625
0.825875
0.828875
0.832375
0.823917
0.828292
0.87
0.806917
0.809583
0.831875
0.805333
0.841709
0.825333
0.826583
0.819541
0.815209
0.815791
0.817917
0.832833
0.828542
0.817458
0.835
0.822042
0.812625
0.822042
0.836583
0.823084
0.821792
0.813458
0.805375
0.823041
0.822875
0.82
0.843208
0.818792
0.83825
0.824
0.803583
0.856
0.805542
0.837584
0.806916
0.815334
0.84975
0.794125
0.824208
0.836125
0.826833
0.785792
0.824875
0.815583
0.835209
0.808708
0.825292
0.828167
0.799958
0.828125
0.857166
0.800084
0.809458
0.832333
0.846792
0.830417
0.808791
0.825666
0.821834
0.851875
0.769875
0.835334
0.848333
0.868333
0.846875
0.734
0.830084
0.824125
0.805708
0.820708
0.832292
0.8245
0.811917
0.828
0.865916
0.773875
0.835458
0.810083
0.92225
0.702708
1.03571
0.809791
0.812625
0.8315
0.87875
0.762
0.820083
0.813209
0.812833
0.829
0.827084
0.825666
0.829125
0.818625
0.84275
0.810125
0.850584
0.810208
0.833209
0.807917
0.834625
0.811167
0.823583
0.828958
0.844834
0.80875
0.878292
0.75825
0.833834
0.808791
0.822291
0.829708
0.819667
0.827458
0.81375
0.822792
0.829667
0.812708
0.827875
0.830083
0.838167
0.809375
0.830792
0.823625
0.8325
0.829208
0.830334
0.812833
0.816542
0.826875
0.824042
0.824667
0.821458
0.838375
0.826209
0.825667
0.8265
0.805917
0.825542
0.809292
0.836958
0.841166
0.817125
0.810334
0.831666
0.833542
0.814083
0.818625
0.834375
0.815667
0.820125
0.817334
0.828333
0.822875
0.803875
0.83225
0.838292
0.835625
0.80225
0.817583
0.835667
0.832167
0.938917
0.765625
0.781459
0.880375
0.755875
0.833334
0.807041
0.836041
0.835166
0.816458
0.829167
0.802875
0.818458
0.821083
0.823
0.835375
0.814917
0.83675
0.801084
0.81725
0.856667
0.801542
0.82125
0.809
0.825875
0.888083
0.836916
1.04592
0.889959
0.763333
0.765291
0.867584
0.796375
0.894208
0.771792
0.796917
0.8655
0.826875
0.852916
0.813666
0.847958
0.837709
0.806
0.878208
0.812791
0.793417
0.826083
0.80775
0.854625
0.82975
0.809458
0.838125
0.834667
0.844416
0.810875
0.813375
0.821417
0.832167
0.807292
0.819792
0.821042
0.826
0.833667
0.824792
0.848833
0.821
0.801792
0.845625
0.821625
0.829125
0.833625
0.831708
0.831625
0.86175
0.758833
0.83325
0.838083
0.854
0.811708
0.817125
0.814875
0.815833
0.839084
0.823791
0.818292
0.829
0.818833
0.837
0.853125
0.8355
0.8395
0.825916
0.818583
0.835167
0.882208
0.84125
0.766083
0.847125
0.809833
0.883292
0.739209
0.810791
0.839375
0.824875
0.886833
0.769125
0.816583
0.824417
0.799167
0.827333
0.883458
0.78275
0.826958
0.831292
0.819
0.81275
0.828042
0.825375
0.828334
0.88875
0.783041
0.808042
0.828584
0.813875
0.825208
0.823291
0.88625
0.77725
0.852666
0.829375
0.801584
0.817292
0.831875
0.832583
0.819458
0.818042
0.830625
0.832
0.916125
0.763417
0.833292
0.831291
0.819
0.822041
0.828916
0.8095
0.8265
0.817167
0.832375
0.832208
0.836041
0.8965
0.741
0.808042
0.886708
0.750583
0.852917
0.84275
0.856084
0.76225
0.836042
0.81875
0.816125
0.836042
0.83625
1.16979
0.824333
0.839167
0.811666
0.811
0.861417
0.790458
0.823375
0.822625
0.812916
0.816083
0.82625
0.82425
0.829042
0.806958
0.845125
0.818208
0.835333
0.814959
0.857916
0.787041
0.822125
0.823541
0.818042
0.830125
0.819417
0.824
0.833167
0.804458
0.947667
0.71425
0.860542
0.796292
0.846792
0.815083
1.16425
0.809125
0.832833
0.842042
0.81825
0.8365
0.794458
0.811916
0.813209
0.828541
0.820167
0.8345
0.802792
0.833542
0.835125
0.803333
0.821458
0.823542
0.817333
0.828166
0.825958
0.821167
0.823542
0.825167
0.872458
0.79875
0.787584
0.827208
0.813667
0.824333
0.819958
0.835708
0.812584
0.821
0.827834
0.833667
0.815708
0.835208
0.840125
0.820583
0.820584
0.824042
0.823167
0.816625
0.836417
0.818584
0.816041
0.840084
0.824042
0.796042
0.825083
0.814375
0.834416
0.831333
0.812917
0.829167
0.813292
0.834833
0.871959
0.759333
0.817958
0.828708
0.8405
0.952375
1.09846
0.737334
0.828666
0.825291
0.813792
0.841167
0.812917
0.819125
0.832833
0.801667
0.839917
0.839041
0.8265
0.809791
0.843875
0.806708
0.817917
1.06525
1.09367
0.803833
0.836542
0.816791
0.84825
0.809291
0.814167
0.842333
0.836834
0.792833
0.811209
0.853083
0.817667
0.840125
0.836209
0.823458
0.811334
0.845917
0.786
0.867167
0.847042
0.802792
0.834958
0.810042
0.830209
0.844875
0.845667
0.817083
0.815167
1.02071
1.17092
0.782291
0.827834
0.823
0.867125
0.811834
0.819417
0.799375
0.820375
0.827292
0.847375
0.838417
0.812917
0.854833
0.805625
0.836667
0.831083
0.915208
1.036
0.877958
0.865417
0.928166
0.727334
0.886375
0.7725
0.830416
0.826959
0.832625
0.810333
0.818542
0.814583
0.837292
0.8025
0.839542
0.802584
0.823625
0.815958
0.821916
0.823667
0.837708
0.89625
0.768542
0.817
0.816084
0.816833
0.81625
0.825834
0.840458
0.828375
0.815333
0.834375
0.809667
0.825667
0.818208
0.826417
0.845208
0.810666
0.820375
0.809417
0.871792
0.8175
0.817334
0.807208
0.8785
0.769875
0.843083
0.798792
0.818708
0.839833
0.882125
0.772416
0.84175
0.825625
0.825458
0.807041
0.807083
0.831625
0.823125
0.821208
0.817792
0.824875
0.820834
0.835208
0.831792
0.823375
0.996959
1.39846
1.49717
1.22013
1.05292
0.798583
0.812333
0.823625
0.830709
0.836833
0.818875
0.826958
0.811625
0.819334
0.816708
0.829083
0.829292
0.827333
0.823875
0.825084
0.873292
0.810917
0.824375
0.817625
0.804833
0.852417
0.812459
0.834667
0.814708
0.82775
0.811875
0.816292
0.801625
0.846541
0.818291
0.834458
0.793333
0.824125
0.832333
0.830917
0.808459
0.8275
0.815209
0.804875
0.825334
0.836958
0.793458
0.832667
0.820667
0.8065
0.846666
0.947708
1.21258
0.993959
0.798375
0.825458
0.814833
0.822584
0.815667
0.811333
0.829208
0.819542
0.824875
0.83275
0.785625
0.831208
0.826042
0.778334
0.955458
0.824333
0.822625
0.828291
0.811709
0.832583
0.829625
0.8205
0.841541
0.788666
0.824916
0.824125
0.823083
0.837333
0.8145
0.82225
0.824459
0.81575
0.83475
0.806459
0.828708
0.868833
0.764959
0.83125
0.82575
0.815209
0.808333
1.01212
1.61058
1.25804
0.896
1.07937
0.805833
0.831584
0.823083
0.819417
0.820542
0.818042
0.834125
1.15013
0.501
0.828292
0.837959
0.794625
0.818209
0.820916
0.829666
0.838459
0.832041
0.813709
0.816625
0.825334
0.8125
0.81875
0.835541
0.866792
1.01346
1.43125
1.42525
0.816083
0.798459
0.822708
0.832667
0.826208
0.838833
0.833708
0.798542
0.831792
0.831042
0.835
0.812666
0.8205
0.8165
0.826292
0.816209
0.827792
0.821
0.836584
0.813708
0.816
0.823833
1.02167
1.44825
1.715
0.658
0.97225
0.810542
0.824417
0.818875
0.822209
0.843
0.808583
0.825084
0.821708
0.820583
0.82275
0.832041
0.835958
0.823834
1.01537
0.964083
0.824042
0.821
0.816583
0.8375
0.830667
0.79975
1.03604
1.49058
1.50046
0.780042
1.07467
0.786292
0.840416
0.823375
0.787417
0.840584
0.813792
0.849542
0.792167
0.80625
0.843208
0.81975
0.82925
0.81475
0.829125
0.826875
0.818208
0.801791
0.837125
1.09346
1.2295
1.08313
0.77175
0.826333
0.816958
0.813042
0.833042
0.808625
0.824292
0.82975
0.829333
0.835042
0.833333
0.790042
0.825792
0.817166
0.844333
0.830792
0.816125
0.82475
0.799792
0.853083
0.811667
0.81425
0.816958
0.832167
0.827833
0.826875
0.846375
0.783875
0.816292
0.836208
0.828625
0.821791
0.850542
0.82125
0.880125
0.736667
1.05704
0.7295
0.864792
0.816583
0.804459
0.819458
0.826708
0.837625
0.834292
0.841625
0.868125
0.752125
0.830875
0.833625
0.811
0.986375
0.815917
0.923958
0.92275
0.859792
0.832625
0.962792
2.16079
0.7555
0.813708
0.844875
0.8135
0.815541
0.890167
0.779167
0.821625
0.811542
0.845333
0.811166
1.53871
0.99175
1.46254
1.50871
0.824625
0.834041
0.824833
0.872959
0.785
0.839959
0.83625
0.81875
0.812125
0.812167
0.834333
1.29467
0.835583
0.829542
0.804208
0.885541
0.777958
1.002
0.768209
0.87225
0.75325
1.14283
0.795417
0.835
0.863292
0.794916
0.825708
0.844458
0.854959
0.797
0.848542
3.44921
1.538
0.839083
0.797625
0.830875
0.827875
0.832875
0.828459
0.819833
0.827375
0.835625
0.832458
0.85125
0.834708
0.820834
0.84525
0.798542
0.869291
0.801167
0.837625
0.808167
0.835292
0.802417
0.827542
0.840583
0.826917
0.837708
0.827459
0.829
0.837916
0.814916
0.839625
0.881292
0.787167
0.832167
0.827458
0.834667
0.807875
0.821458
0.830916
0.819209
0.828583
0.848792
0.811916
0.8135
0.831209
0.820208
0.826417
0.822792
0.836208
0.827584
1.09787
1.74075
1.40258
0.801834
0.827833
0.827959
0.823041
0.805708
0.838292
0.893834
0.75375
0.832542
0.820416
0.86375
0.829125
0.822875
0.831083
0.820834
0.855792
0.834042
0.742416
0.819708
0.865875
0.829292
0.777
0.846959
0.80275
0.834958
0.815417
0.833792
0.829833
0.829334
0.831
0.820416
1.02067
1.87633
1.38042
0.80125
0.850292
0.791
0.8485
0.844917
0.761208
1.44663
1.08204
0.806292
0.849
0.803709
0.830666
0.828166
0.83375
0.8055
0.838042
0.834625
0.826417
0.827292
0.827084
0.940666
0.723291
0.817291
0.823917
0.846834
0.818583
0.853542
0.780209
0.848208
0.841125
0.811167
0.838792
0.80675
0.848334
0.837125
0.793667
0.823333
0.824083
0.816125
0.815208
0.831
0.816916
0.80625
6.07692
