4.06783
26.2147
6.20871
5.08554
4.34113
4.22408
4.14133
4.68367
4.11933
4.47713
4.04779
4.79979
4.06604
4.90475
4.10496
4.71404
4.66662
4.12737
4.49404
3.94487
4.4525
4.07767
4.31742
4.10825
4.38083
4.09162
4.40608
4.01004
4.24854
4.13087
4.09438
4.25029
4.18092
4.18008
4.29358
4.08625
4.26038
4.08983
4.08779
4.37225
4.24417
4.14467
4.02883
4.32033
4.27613
4.0775
4.30296
4.058
4.25175
4.08504
4.28704
4.05808
4.23921
4.11204
4.27238
4.08083
4.23421
4.09825
4.28762
4.11925
4.28042
4.13408
4.27321
4.19442
4.22537
4.09204
4.32792
4.23479
4.20292
4.08483
4.30433
4.07267
4.16021
4.07233
4.40912
4.1595
4.3085
4.12525
4.32971
4.09858
4.33146
4.14417
4.41567
4.147
4.38604
4.10817
4.31071
4.08113
4.46
4.06625
4.47025
4.26667
4.10658
4.10079
4.31921
4.08354
4.47021
4.395
4.04571
4.35621
4.10379
4.44362
4.1725
4.082
5.52179
3.47783
4.51746
3.79729
6.04488
4.09879
2.77337
4.12017
4.33029
4.48558
8.32525
0.973292
29.0513
3.67954
3.89133
4.41296
4.04733
4.73879
4.46108
3.86654
4.03429
4.31062
4.1075
4.33833
4.10417
4.39838
4.10167
4.68337
4.08554
4.44242
4.17433
4.38533
4.16296
4.34137
4.20937
4.53617
4.14879
4.26871
4.08946
4.51412
4.09429
4.82342
4.42817
4.15521
4.87742
4.08233
4.54908
4.06375
4.51921
4.0965
4.46033
4.10204
4.46983
4.01904
4.44875
4.08554
4.89929
4.19658
4.31046
4.22321
4.34229
4.34321
4.10875
4.24725
4.31813
4.33258
4.05713
4.37962
4.02417
4.32833
4.09696
4.54404
4.11196
4.32246
4.10892
4.65242
4.23733
4.57817
4.11346
5.08117
4.05275
4.82517
4.40129
4.43929
4.53758
3.966
4.46375
4.38308
4.67671
4.10092
4.35288
4.10133
4.84392
4.12054
4.73904
4.09658
4.74267
4.06246
4.72825
4.10546
4.71383
4.27742
4.19667
4.11042
5.00692
4.60471
4.08067
4.68517
4.09533
4.60896
4.16142
4.51383
4.08292
4.80596
4.08413
4.66875
4.08338
4.65342
4.16833
4.54537
4.10158
4.65471
4.57238
4.10167
4.7515
4.11004
4.63529
4.10742
4.663
4.05412
4.63558
4.11742
4.61654
4.04063
4.37346
4.06013
4.42946
4.079
4.27321
4.07142
4.46158
4.04896
4.34258
4.05858
4.35183
4.05708
4.3275
4.05479
4.34342
4.06983
4.3075
4.07567
4.30608
4.05183
4.343
4.05542
4.3195
4.12063
4.31367
4.05488
4.34708
4.04096
4.42967
4.05975
4.26667
4.11742
4.32183
4.00829
4.32333
4.23742
4.11046
4.00546
4.32275
4.08242
4.24471
4.1875
4.15742
4.06096
4.299
4.07117
4.31642
4.06042
4.30804
4.07217
4.33233
4.041
4.40613
3.96312
4.32942
4.06346
4.24179
4.33733
4.00962
4.34863
4.0475
4.01238
4.33629
3.99071
4.36875
4.06279
4.36108
3.96625
4.306
4.1135
4.34646
3.8385
4.36587
4.11158
4.35867
3.89083
4.42837
3.97679
4.33504
4.04433
4.35992
3.96508
4.34246
3.97688
4.39696
3.98625
4.30017
3.96
4.406
3.96662
4.35796
4.00567
4.42958
3.99083
4.29346
4.03071
4.30225
3.968
4.39612
3.92512
4.40338
3.95071
4.40267
3.89954
4.17229
4.17283
4.6415
3.90133
4.33042
4.07142
4.51454
4.01663
4.46792
4.36183
4.15875
4.30638
4.17983
4.30696
4.10938
4.35008
4.08946
4.39087
4.20517
4.37213
4.16729
4.37679
4.16879
4.388
4.16871
4.34542
4.10883
4.39508
4.07454
4.39942
4.16563
4.38354
4.18288
4.51775
4.14696
4.54629
4.067
4.38433
4.08721
4.42837
4.06033
4.36662
4.25829
4.20042
4.43292
4.01604
4.51254
3.95625
4.36229
4.09517
4.07025
4.09317
4.34033
4.02608
4.07129
4.06121
4.08608
4.08338
4.08725
4.07188
4.04429
4.06654
4.06108
4.0575
4.06129
4.31067
4.02371
4.06967
4.06258
4.06271
4.07108
4.06596
4.0795
4.07575
4.04304
4.05621
4.06621
4.27721
4.07742
4.01283
4.09717
4.07687
4.038
4.0875
4.04371
4.06117
4.10887
4.15708
3.91921
4.25771
4.06833
4.06329
4.04863
4.29588
3.95371
3.9945
4.04279
4.05629
4.16383
3.95138
4.11137
4.07246
4.25271
4.00629
4.13429
4.03913
4.08033
4.0555
4.07492
4.03821
4.07571
4.06558
4.04679
4.07171
4.14142
4.09512
4.15837
3.97496
4.02062
4.09758
4.07583
4.026
4.00788
4.16362
3.98038
4.14583
4.56112
4.09717
4.08575
4.09354
4.01663
4.04204
4.07796
4.00925
4.05467
4.079
4.08771
4.03417
4.13363
4.03996
4.04883
4.06296
4.04013
4.84192
3.21883
4.14554
4.1005
3.99467
4.11213
4.01471
4.03792
4.02812
4.09262
4.03329
4.10558
4.08358
4.017
4.06417
4.83333
3.18692
4.04242
4.11925
4.083
4.06429
3.95242
4.05642
4.08017
4.10079
4.073
4.02854
4.07596
4.04254
4.06767
4.05821
4.13283
4.01321
5.19146
2.86504
4.19733
3.98883
4.19429
4.25804
4.09696
4.00946
3.99504
4.07671
4.12967
4.02642
4.13721
4.06892
4.07567
4.01363
4.07129
4.02533
4.07133
3.96338
4.05829
4.06513
4.12808
4.06037
4.02212
4.05108
4.06475
4.03458
4.0665
4.07342
4.04846
4.06467
4.02554
4.04312
4.09604
4.05537
3.96062
4.06513
4.14679
4.04304
4.08717
3.92754
4.09696
4.0455
4.08846
4.07825
3.98162
4.03087
4.09779
3.98971
4.15296
4.01
4.13325
3.91425
4.115
3.991
4.21446
3.9075
4.12167
4.01142
4.12754
4.04792
4.10504
4.12596
3.98662
4.00346
4.09475
4.06471
3.97413
4.24467
3.93712
4.096
4.26429
4.28975
4.03413
4.0075
4.389
4.85942
4.09879
4.49817
4.09962
4.53421
4.09612
4.36325
4.055
4.42675
4.163
4.37546
4.11167
4.39058
4.1895
4.27121
4.1325
4.25796
4.32775
4.07383
4.35254
4.08712
4.10475
4.08271
4.29658
4.28125
4.42975
4.07742
4.37304
4.08667
4.06767
4.11437
4.026
4.08879
4.05788
4.10579
4.06158
4.06683
4.07437
4.07575
4.05779
4.07729
4.04896
4.06733
4.07292
4.05254
4.06621
4.02892
4.08629
4.07662
4.07563
4.07579
4.3205
4.07617
4.05896
4.06554
4.09017
4.06371
4.06675
4.02575
4.05975
4.03683
4.07333
4.07858
4.06367
4.06137
4.05796
4.06787
4.04271
4.05921
4.08846
4.0665
4.06354
4.05821
4.06983
4.04033
4.06633
4.07163
4.04383
4.05262
4.05017
4.07242
4.05358
4.05371
4.05087
4.07283
4.06738
4.06504
4.06129
4.05987
4.05887
4.04271
4.04963
4.08596
4.04788
4.06546
4.03458
4.06608
4.05525
4.08279
4.04775
4.08296
4.04496
4.07108
4.05246
4.08646
4.04092
4.13104
3.98321
4.09304
4.03767
4.09233
4.04975
4.10746
4.06475
4.36054
4.0695
4.06725
4.13917
4.07533
4.05546
5.3675
4.01454
4.37787
4.23804
4.29292
3.92567
4.044
4.31487
4.08362
4.08775
4.131
4.24054
4.09192
4.09167
4.18229
4.25804
4.10425
4.447
4.12346
4.06987
4.09467
4.20129
4.05554
4.03938
4.08325
4.09325
4.05654
4.04858
4.09817
4.06929
4.08096
4.06442
4.11954
4.04246
4.09037
4.07725
4.05933
4.06646
4.05612
4.24192
3.90167
4.04471
4.04788
4.05754
4.04821
4.06779
4.10079
4.05371
4.14671
4.04692
4.04154
4.0455
4.03129
4.05892
4.14075
3.96367
4.0805
4.03375
4.03388
4.01437
4.15912
4.06842
4.0145
4.34513
4.02725
4.08004
4.13446
3.99929
3.95592
4.07325
4.09975
4.09738
4.13804
3.94558
3.96779
4.16429
4.06767
4.46025
3.97446
4.06279
4.08229
5.24842
4.41563
4.16442
4.47312
4.22454
4.30967
4.12383
4.36363
4.11971
4.32546
4.144
4.75521
3.59025
4.60104
3.89
4.58946
3.97863
4.47404
4.10229
4.48888
4.07113
4.45833
4.04679
4.40479
4.08517
4.37321
4.06513
4.37596
4.07746
4.3815
4.03454
4.39888
4.09046
4.46792
4.20887
4.298
4.45558
4.04154
4.34075
4.09221
4.34946
4.08096
4.333
4.09979
4.04546
4.07712
4.06104
4.08379
4.03242
4.10004
4.05979
4.08179
4.0285
4.06596
4.07504
4.05292
4.08079
4.0725
4.0535
4.06883
4.06454
4.08496
4.065
4.04508
4.07804
4.07721
4.08042
4.06717
4.10517
4.02762
4.07217
4.05012
4.05508
4.07225
4.06617
4.0665
4.08217
4.02754
4.14329
4.00542
4.25496
3.88488
4.0435
4.077
4.06992
4.56683
3.53842
4.12654
4.29333
4.00942
4.08467
4.05096
3.98629
4.09813
4.04975
4.04754
4.11508
4.05254
4.13858
3.92537
4.10137
4.01738
4.17696
4.17942
3.86125
4.066
4.06358
4.14583
3.97404
4.05167
4.05575
4.00646
4.15617
4.08488
3.94821
4.03029
4.06583
4.06912
4.27763
4.09512
4.04504
4.15033
5.11517
4.02992
4.54846
4.04579
4.09729
4.06883
4.36146
4.07971
4.07279
4.07479
4.12975
4.14021
3.97737
4.16846
4.49633
4.05288
4.09896
4.08038
4.05333
4.06971
4.05933
4.07512
4.08479
4.09383
4.00454
4.08275
4.05288
4.11292
4.04275
4.05883
4.06471
4.05904
4.07029
4.05567
4.07658
4.03942
4.06942
4.14983
4.00917
4.03283
4.10708
4.07417
4.11592
4.58721
4.12996
4.06433
4.08017
4.06004
4.06175
4.07687
4.07725
4.04525
4.05254
4.07337
4.07287
4.05258
4.05858
4.06879
4.06846
4.06896
4.05296
4.088
4.06142
4.04496
4.08817
4.078
4.05171
4.06817
4.08438
4.10492
4.05583
4.05629
4.39392
4.04283
4.07279
4.05871
4.0795
4.06271
4.07967
4.05929
4.06812
4.03604
4.06729
4.05925
4.05654
4.07979
4.07871
4.06004
4.06487
4.06542
4.06075
4.10554
4.0365
4.05921
4.0395
4.04963
4.06821
4.07592
4.01733
4.07821
4.043
4.09854
4.04379
4.019
4.07133
4.51075
4.08838
4.03617
4.07658
4.05567
4.09288
4.08842
4.06963
4.08417
4.05063
4.0735
4.10225
4.07629
4.09104
4.06767
4.06725
4.34312
4.04617
4.11717
5.12283
4.06846
4.05308
4.09987
4.08867
4.03679
4.05775
4.0925
4.04446
4.07525
4.06996
4.09979
3.98929
4.07896
4.09079
4.07296
4.04367
4.03946
4.08563
4.05554
4.06958
4.05267
4.0615
4.04846
4.06263
4.0365
4.07412
4.05471
4.05683
4.04692
4.08442
4.11817
4.03662
4.05475
4.07429
4.02242
4.08329
4.03388
4.06475
4.05229
4.05512
4.06088
4.08137
4.04596
4.06579
4.05483
4.08688
4.04383
4.07146
4.03846
4.15517
3.98737
4.06967
4.08371
4.61446
4.07854
4.13608
4.01033
4.07725
4.05146
4.05692
4.06454
4.07613
4.04771
4.04783
4.08737
4.07362
4.06525
4.0695
4.08488
4.05329
4.07737
4.04888
4.05746
4.07358
4.061
4.05196
4.061
4.09067
4.06588
4.04804
4.06117
4.08063
4.06083
4.06046
4.06533
4.02937
4.07242
4.05079
4.07796
4.05179
4.06167
4.05046
4.07404
4.04413
4.05483
4.06029
4.13587
3.99562
4.04612
4.07613
4.03858
4.06804
4.05946
4.06296
4.05488
4.06554
4.03992
4.0625
4.05587
4.06438
4.07754
4.04308
4.06533
4.06533
4.06225
4.0575
4.04929
4.08417
4.08887
4.07687
4.06433
4.06212
4.05525
4.06433
4.05838
4.07896
4.08671
4.02987
4.06592
4.08988
4.06642
4.0475
4.04883
4.08192
4.04846
4.13958
3.98354
4.062
4.07846
4.08108
4.06125
4.04833
4.07783
4.02846
4.06963
4.07196
4.05104
4.04667
4.07188
4.05725
4.06646
4.09096
4.0625
4.05404
4.05429
4.04521
4.07804
4.05267
4.05075
4.08887
4.08671
4.03913
4.07604
4.06517
4.06183
4.04879
4.06212
4.03467
4.06804
4.08737
4.07296
4.06225
4.07379
4.07125
4.05
4.04017
4.15233
3.98758
4.04571
4.07429
4.07117
4.08021
4.06633
4.03779
4.06875
4.04625
4.08296
4.03296
4.0555
4.07267
4.07067
4.07308
4.07704
4.03271
4.07492
4.06013
4.06325
4.07621
4.05604
4.06617
4.09079
4.05925
4.05621
4.06146
4.05996
4.05654
4.03683
4.07888
4.051
4.06496
4.1025
4.04283
4.06704
4.07121
4.03588
4.11296
4.02129
4.05367
4.06454
4.04537
4.07388
4.06846
4.06887
4.04375
4.06013
4.06675
4.04742
4.06538
4.07833
4.07483
4.05179
4.09604
4.06846
4.05612
4.06408
4.05329
4.04204
4.07188
4.06342
4.0465
4.08392
4.0755
4.08667
4.06329
4.10213
4.08054
4.05612
4.0805
4.05846
4.04633
4.06571
4.09825
4.05875
4.073
4.06779
4.07971
4.06096
4.06829
4.33554
4.07742
4.14542
5.05458
4.09713
4.49904
4.07354
4.44083
4.09929
4.31462
4.06021
4.09342
4.32425
4.062
4.28567
4.39958
4.01713
4.29258
4.08221
4.31196
4.09704
4.09187
4.07758
4.08408
4.26283
4.08025
4.07454
4.08329
4.05638
4.06579
4.06475
4.05871
4.07613
4.08642
4.05146
4.089
4.02775
8.49463
4.094
4.06921
4.0525
4.09962
4.02621
4.03092
4.06288
4.05617
4.086
4.04421
4.05533
4.05367
4.07704
4.06675
4.04296
4.07646
4.045
4.04888
4.077
4.03558
4.06363
4.05683
4.06333
4.05817
4.04979
4.05583
4.06167
4.08671
4.03367
4.07892
4.0745
4.03742
4.05746
4.05417
4.05488
4.07721
4.0475
4.03763
4.0795
4.069
4.09829
4.037
4.10354
4.02937
4.05008
4.05596
4.0555
4.07029
4.05542
4.04221
4.07783
4.05512
4.08258
4.04513
4.06937
4.04488
4.06058
4.07458
4.053
4.05883
4.06421
4.07779
4.04546
4.07888
4.07017
4.05467
4.06783
4.05525
4.04071
4.07033
4.05071
4.06321
4.07492
4.05917
4.04333
4.06929
4.06129
4.06408
4.06121
4.08608
4.02188
4.077
4.04296
4.05437
4.05283
4.07867
4.02837
4.07558
4.03979
4.06738
4.04983
4.07613
4.05021
4.05825
4.06642
4.06633
4.09929
4.03317
4.06754
4.04671
4.04792
4.07062
4.09225
4.07913
4.04392
4.10042
4.057
4.296
4.06188
4.10821
4.08908
5.18771
4.08358
4.09775
4.06283
4.4905
4.062
4.12075
4.08217
4.32937
4.06483
4.08563
4.095
4.09417
4.06925
4.3385
4.03383
4.06021
4.08021
4.06862
4.08038
4.08171
4.11067
4.0615
4.09046
4.38083
4.25208
4.09696
3.94888
3.96129
4.07567
4.08846
4.07046
4.2325
4.01204
4.28296
4.09333
4.09579
4.10313
4.06921
4.03546
4.08671
4.07638
4.06083
4.06758
4.04567
4.15287
4.22196
4.18075
4.01004
13.4741
