4.52442
6.44738
5.47863
3.56479
2.53629
1.71646
1.77504
1.73304
1.32517
1.79746
1.27779
1.24713
1.26392
1.25083
1.27354
1.30642
1.54304
1.25458
1.26158
1.26146
1.36642
1.24733
1.79192
1.27388
1.26217
1.27687
1.25358
1.443
1.37704
1.25463
1.27646
1.27467
1.26971
1.25046
1.58408
1.23121
1.30267
1.26071
1.249
1.245
1.48575
1.28433
1.22292
1.28629
1.25342
1.27675
1.24867
1.27021
1.49087
1.25858
1.31417
1.29933
1.24996
1.28725
1.23721
1.59208
1.26362
1.27179
1.29458
1.47071
1.28863
1.27583
1.2655
1.2855
1.26537
1.43329
1.33975
1.28058
1.28708
1.24113
1.30121
1.251
1.48821
1.27446
1.26508
1.25967
1.2805
1.23117
1.69083
1.16346
1.24917
1.28429
1.28546
1.25192
1.25871
1.536
1.22875
1.25604
1.28579
1.32921
1.21458
1.4645
1.26796
1.25071
1.27371
1.31146
1.2445
1.26617
1.31812
1.76304
1.29692
1.25858
1.24533
1.29504
1.57337
1.25829
1.25238
1.29021
1.25092
1.2555
1.55117
1.26033
1.25654
1.27762
1.26808
1.25421
1.27388
1.45433
1.26812
1.26333
1.28379
1.26967
1.257
1.47417
1.29092
1.25513
1.2615
1.27375
1.23687
1.26429
1.30158
1.51063
1.23325
1.27112
1.31233
1.24446
1.47946
1.25267
1.26271
1.29033
1.28058
1.24821
1.47117
1.28667
1.29617
1.24254
1.25171
1.24867
1.27029
1.24725
1.50637
1.26975
1.27379
1.25017
1.25021
1.48008
1.25463
1.26017
1.29654
1.24638
1.23862
1.49987
1.27913
1.24333
1.24987
1.29246
1.27379
1.26325
1.47983
1.26704
1.25446
1.29467
1.28429
1.22463
1.24525
1.262
1.25312
1.27083
1.26675
1.27658
1.28129
1.28383
1.25525
1.55967
1.19433
1.31025
1.21663
1.25508
1.48992
1.25492
1.28146
1.24054
1.25733
1.30817
1.45312
1.26113
1.26508
1.2855
1.23913
1.25379
1.48575
1.27629
1.25158
1.29346
1.29325
1.23446
1.4915
1.27254
1.24867
1.25079
1.2845
1.26225
1.25971
1.4625
1.27317
1.26392
1.28629
1.27629
1.22996
1.46304
1.24754
1.25867
1.26704
1.27087
1.28342
1.23225
1.45946
1.25458
1.26129
1.2785
1.3495
1.17617
1.45162
1.27917
1.24183
1.25771
1.25271
1.27871
1.25362
1.48083
1.27796
1.23342
1.27258
1.29196
1.24367
1.44371
1.27738
1.25983
1.26075
1.28388
1.25817
1.29529
1.42125
1.25087
1.26879
1.27388
1.259
1.27358
1.50617
1.25871
1.26792
1.27929
1.25329
1.243
1.57125
1.19333
1.24167
1.27638
1.26292
1.27792
1.22871
1.50904
1.24012
1.26375
1.26396
1.31638
1.18233
1.49421
1.26783
1.25842
1.26137
1.28325
1.26846
1.2475
1.45496
1.26517
1.26925
1.28958
1.25987
1.25679
1.44333
1.28513
1.24121
1.24767
1.27646
1.26246
1.27125
1.25508
1.46696
1.25529
1.27054
1.27779
1.28
1.26746
1.44775
1.28963
1.22867
1.24717
1.25492
1.26996
1.81937
1.27971
1.252
1.24804
1.289
1.26562
1.53683
1.26454
1.25283
1.28754
1.25904
1.24992
1.54733
1.26158
1.26175
1.27212
1.26967
1.23275
1.50658
1.23554
1.29038
1.26479
1.26063
1.3465
1.17517
1.51421
1.28329
1.26675
1.25288
1.26229
1.25517
1.43837
1.26696
1.26171
1.26333
1.27258
1.33908
1.1705
1.4825
1.24517
1.261
1.29017
1.25621
1.27442
1.47008
1.26963
1.26687
1.25133
1.27612
1.26279
1.58142
1.16904
1.30929
1.20846
1.26896
1.34817
1.19983
1.49479
1.27121
1.25117
1.31262
1.2275
1.24058
1.49171
1.25125
1.2575
1.32254
1.26975
1.21908
1.22087
1.50238
1.27167
1.26033
1.26558
1.25767
1.28696
1.50004
1.25417
1.25779
1.28863
1.23687
1.26833
1.24962
1.27125
1.23838
1.27208
1.30179
1.226
1.28196
1.25017
1.29383
1.24404
1.26337
1.28933
1.24254
1.25333
1.25192
1.26238
1.26446
1.26258
1.25
1.24779
1.2665
1.29721
1.263
1.243
1.26104
1.26921
1.25038
1.26367
1.25087
1.25829
1.28358
1.28575
1.23692
1.27687
1.29158
1.24588
1.28521
1.27692
1.23458
1.28646
1.26575
1.25962
1.24108
1.27496
1.29104
1.27687
1.27812
1.25913
1.277
1.24479
1.24829
1.27762
1.27758
1.26492
1.25504
1.34721
1.17775
1.28008
1.25983
1.26063
1.30192
1.2115
1.27242
1.27171
1.24475
1.25046
1.26304
1.24283
1.27667
1.25375
1.2805
1.27467
1.26925
1.24492
1.48108
1.06062
1.29142
1.23979
1.24933
1.25342
1.27963
1.27883
1.24567
1.57688
1.29321
1.23875
1.303
1.26763
1.2575
1.24938
1.31221
1.22321
1.27329
1.26871
1.26329
2.38975
1.33537
1.21058
1.24
1.63204
1.26133
1.26
1.27679
1.24825
1.27133
1.25379
1.25879
1.70388
1.27083
1.24908
1.27762
1.25933
1.26008
1.48613
1.25371
1.33413
1.20292
1.29579
1.2725
1.28238
1.68071
1.26396
1.24512
1.27692
1.25962
1.47938
1.26533
1.27021
1.23687
1.28167
1.44479
1.27812
1.28779
1.32883
1.1825
1.25192
1.52871
1.19896
1.35875
1.16162
1.26542
1.27492
1.26917
1.24537
1.48962
1.2675
1.25583
1.31412
1.21767
1.57225
1.14583
1.27092
1.28683
1.25521
1.34742
1.24367
1.27204
1.244
1.26104
1.30537
1.27458
1.24446
1.28175
1.547
1.27529
1.31329
1.21071
1.25996
1.29979
1.26333
1.26938
1.25571
1.28883
1.24608
1.26192
1.26125
1.24604
1.25475
1.27554
1.2995
1.26337
1.26075
1.25129
1.25887
1.26462
1.29021
1.30733
1.19183
1.36433
5.14025
9.91575
2.28117
1.44238
2.02625
2.73213
1.83913
1.92288
1.43575
1.57763
1.3085
2.03892
1.17967
1.56771
1.44171
2.35613
2.138
1.26113
1.26921
1.26275
1.3395
1.21683
1.38288
1.25717
1.30488
1.19521
1.27533
1.57629
0.957542
1.47067
1.269
1.24679
1.29817
1.26542
1.29392
1.44546
1.26754
1.24983
1.27071
1.2515
1.25992
1.48708
1.24475
1.27871
1.22779
1.30192
1.24004
1.25621
1.25733
1.42721
1.32433
1.31246
1.23221
1.26554
1.29554
1.24833
1.48754
1.2805
1.26133
1.25679
1.30367
1.24362
1.46692
1.26671
1.24979
1.33325
1.22663
1.46375
1.2705
1.24771
1.29787
1.27321
1.36921
1.18221
1.251
1.25129
1.25271
1.27583
1.29654
1.21192
1.27717
1.811
1.26704
1.26933
1.252
1.263
1.55846
1.25217
1.26671
1.291
1.26125
1.31137
1.26638
1.51567
1.27383
1.27238
1.24737
1.27529
1.2565
1.254
1.25392
1.25121
1.26396
1.27483
1.28658
1.26662
1.46458
1.29679
1.27229
1.27192
1.25
1.25087
1.4875
1.25042
1.25004
1.26525
1.28262
1.33946
1.39958
1.45192
1.242
1.30529
1.23654
1.41275
1.16058
1.22358
1.39479
1.19858
1.30358
1.21183
1.24867
1.26613
1.27075
1.27592
1.25862
1.87233
1.27433
1.267
1.56283
1.26588
1.28329
1.27112
1.25879
1.26108
1.923
1.29867
1.25992
1.27142
1.27879
1.27987
1.55396
1.29033
1.2465
1.27704
1.27792
1.22679
1.54287
1.26771
1.26537
1.26438
1.26721
1.29958
1.22513
1.496
1.2505
1.28854
1.26525
1.257
1.25608
1.48246
1.28954
1.24946
1.25683
1.26046
1.258
1.65358
1.13867
1.25162
1.26896
1.31308
1.29471
1.19992
1.51221
1.26487
1.258
1.25092
1.29487
1.25883
1.28021
1.2655
1.50767
1.25204
1.28629
1.24708
1.28508
1.48962
1.25962
1.27063
1.26542
1.242
1.26954
1.30704
1.27196
1.25946
1.30763
1.24096
1.24892
1.26508
1.26083
1.33808
1.52646
1.26858
1.28675
1.27629
1.47721
1.30937
1.25371
1.28004
1.31292
1.17946
1.52621
1.25312
1.25733
1.266
1.29092
1.24392
1.25762
1.25
1.53654
1.24488
1.25425
1.27425
1.25662
1.50829
1.26567
1.23992
1.28125
1.27212
1.27254
1.25554
1.27038
1.48196
1.24446
1.23775
1.26408
1.28054
1.44213
1.25917
1.25208
1.27871
1.242
1.27379
1.46525
1.27371
1.25208
1.26375
1.26562
1.26525
1.26746
1.25687
1.49933
1.22204
1.27871
1.33154
1.21692
1.25929
1.28533
1.47212
1.23463
1.28087
1.26613
1.26375
1.50304
1.26371
1.28367
1.27263
1.25408
1.271
1.25658
1.27029
1.47862
1.26525
1.28142
1.258
1.25537
1.5125
1.25063
1.25058
1.27525
1.25658
1.28063
1.24454
1.60283
1.17063
1.26267
1.323
1.21271
1.48679
1.22862
1.38321
1.1545
1.26504
1.273
1.25592
1.27408
1.24762
1.48667
1.25858
1.26192
1.26263
1.59071
1.13996
1.2685
1.263
1.26079
1.2835
1.26613
1.44421
1.26642
1.29054
1.25337
1.26571
1.27042
1.45821
1.27354
1.25129
1.27654
1.26487
1.23775
1.29108
1.28254
1.46792
1.25617
1.25408
1.25258
1.29033
1.27504
1.45933
1.26212
1.24396
1.32858
1.20508
1.28108
1.45429
1.24067
1.28638
1.26029
1.26604
1.25987
1.26625
1.44133
1.27708
1.30446
1.22729
1.26287
1.48638
1.26625
1.23867
1.26267
1.25833
1.27842
1.23279
1.492
1.27517
1.27621
1.25946
1.2785
1.34533
1.19687
1.27158
1.28121
1.24192
1.23596
1.2745
1.27867
1.32271
1.21196
1.56212
1.24038
1.2945
1.25854
1.42825
1.38529
1.27129
1.26771
1.3825
1.17812
1.33508
1.49229
1.29808
1.23896
1.28137
1.26562
1.276
1.5405
1.31917
1.32983
1.30879
1.32029
1.28525
1.28021
2.04692
1.26571
1.27679
1.30254
1.25762
1.59013
1.30371
1.55075
1.07075
1.26808
1.2665
1.99029
1.17875
1.36929
1.24242
1.25175
1.27379
1.59888
1.26858
1.29213
1.32179
1.25604
1.25329
1.68504
1.18329
1.35342
1.27854
1.26367
1.27854
1.27275
1.542
1.30192
1.31088
1.26442
1.26271
1.26854
1.55117
1.33729
1.30004
1.24221
1.28075
1.26379
1.55429
1.26113
1.35325
1.20967
1.284
1.24008
1.41342
1.4355
1.25158
1.36321
1.25362
1.26425
1.2435
1.56187
1.27733
1.41558
1.20942
1.23925
1.287
1.52679
1.29208
1.35321
1.23221
1.32567
1.24762
1.50883
1.29633
1.29375
1.27233
1.27575
1.26996
1.41288
1.3875
1.27004
1.26933
1.30421
1.27825
1.27533
1.52979
1.26642
1.26833
1.30292
1.29292
1.25058
1.52475
1.28171
1.36433
1.23029
1.25133
1.28375
1.23392
1.52058
1.51038
1.00129
1.28792
1.28313
1.25725
1.51292
1.40758
1.21558
1.26525
1.27292
1.252
1.57783
1.24892
1.35754
1.26442
1.25867
1.22392
1.28738
1.56062
1.25017
1.39783
1.20362
1.28871
1.30058
1.23737
1.54233
1.26321
1.24658
1.26525
1.26779
1.27996
1.44371
1.26704
1.28983
1.263
1.25592
1.28529
1.49862
1.29846
1.23742
1.25079
1.26371
1.27958
1.26204
1.46458
1.26167
1.29321
1.25412
1.27554
1.26633
1.25996
1.47988
1.25708
1.25933
1.27396
1.27908
1.2735
1.47417
1.25142
1.26383
1.30537
1.2045
1.49788
1.26188
1.25138
1.28633
1.27029
1.24292
1.27367
1.27383
1.46475
1.27083
1.23862
1.29304
1.27425
1.26946
1.27271
1.46837
1.29404
1.26079
1.24879
1.28383
1.48025
1.26863
1.26113
1.28842
1.24867
1.26596
1.51358
1.22858
1.25854
1.26875
1.33058
1.17929
1.2735
1.49821
1.24279
1.25771
1.25971
1.27008
1.2685
1.268
1.47329
1.25592
1.28629
1.23758
1.28317
1.25525
1.46229
1.25446
1.28379
1.25212
1.27537
1.27475
1.27596
1.48392
1.23629
1.26204
1.29196
1.27833
1.25333
1.46762
1.2555
1.29733
1.26596
1.25388
1.26571
1.25504
1.47837
1.27125
1.25183
1.25996
1.28612
1.26775
1.48287
1.26004
1.28012
1.30475
1.23921
1.25892
1.52937
1.2275
1.26033
1.27179
1.29171
1.26971
1.45962
1.28771
1.23512
1.25225
1.24913
1.25729
1.26358
1.49925
1.25796
1.26162
1.26958
1.24308
1.27671
1.27067
1.4925
1.23271
1.25658
1.26267
1.27733
1.58408
1.172
1.25179
1.26779
1.28146
1.24604
1.24746
1.48496
1.25275
1.30383
1.2575
1.24746
1.259
1.48029
1.24392
1.26558
1.2565
1.291
1.23475
1.24471
1.27142
1.47058
1.26954
1.25117
1.27029
1.26371
1.30042
1.25275
1.26525
1.30258
1.28508
1.19833
1.27879
1.25617
1.47754
1.24713
1.26167
1.27212
1.24996
1.27808
1.255
1.25158
1.25467
1.31433
1.22821
1.25017
1.256
1.25933
1.261
1.28596
1.26738
1.27846
1.25079
1.25917
1.28375
1.25154
1.25637
1.26633
1.26008
1.27787
1.24308
1.25212
1.27083
1.27717
1.25129
1.26921
1.26287
1.26996
1.27808
1.24417
1.27087
1.25804
1.27592
1.23875
1.26521
1.26687
1.35004
1.21454
1.26425
1.24438
1.26504
1.27158
1.261
1.28812
1.23612
1.27771
1.26513
1.24492
1.294
1.27471
1.25087
1.28108
1.26046
1.26404
1.25875
1.26771
1.28654
1.22625
1.25217
1.25263
1.55446
1.30812
1.28446
1.24117
1.28525
1.25554
1.32946
1.20317
1.27154
1.29246
1.26458
1.26617
1.55358
1.26896
1.28308
1.31842
1.21367
1.21879
2.47921
1.21942
1.27033
1.26992
1.26283
1.35246
1.26304
1.67888
1.26454
1.28921
1.28021
1.36275
1.77167
1.25513
1.27721
1.27642
1.26871
1.76275
1.14946
1.24258
1.28008
1.24854
1.25029
1.364
1.2695
1.83808
1.16358
1.27329
1.33079
1.29933
1.57983
1.22038
1.31408
1.21467
1.33017
1.37288
1.52675
1.23179
1.27396
1.27363
1.46925
1.14212
1.30042
1.53388
1.26662
1.26158
1.25446
1.28225
1.51208
1.23058
1.25162
1.40129
1.29958
1.35296
1.18837
2.132
1.28704
1.26929
1.24675
1.27121
1.24642
1.63467
1.26438
1.35737
1.24562
1.27425
1.2595
1.62433
1.27517
1.42263
1.17896
1.21583
1.25792
1.54346
1.37187
1.23187
1.23883
1.26479
1.27396
1.25375
1.53262
1.25908
1.27738
1.27612
1.26225
1.24333
1.52571
1.27038
1.29758
1.30642
1.27388
1.19888
1.39963
1.41746
1.33363
1.25592
1.26692
1.30396
1.244
1.90825
1.36088
1.24292
1.302
1.24692
1.28163
1.59129
1.28021
1.28725
1.27887
1.25113
1.26333
1.27462
1.28292
1.62442
1.27525
1.26125
1.27746
1.53846
1.24962
1.26692
1.27271
1.2645
1.25521
1.27471
1.26258
1.24633
1.25117
1.27208
1.27479
1.24671
1.28946
1.25862
1.24629
1.28679
1.25692
1.27279
1.25392
1.25742
1.263
1.26583
4.83629
4.01725
8.13854
4.72517
3.35654
2.73604
1.79021
1.75812
1.76342
1.24329
1.82683
1.25683
1.26167
1.25238
1.36858
1.28017
1.26717
1.25862
1.83517
1.28883
1.2785
1.30271
1.2895
1.252
1.2595
1.83567
1.27883
1.24742
1.27179
1.28621
1.25154
1.8175
1.25025
1.28079
1.27179
1.28008
1.26658
1.58537
1.26975
1.25592
1.27675
1.2785
1.28004
1.27067
1.26383
1.29688
1.24183
1.26579
1.27954
1.25588
1.30621
1.27913
1.25954
1.25117
1.25613
1.27279
1.26492
1.27717
1.27379
1.26183
1.25504
1.2675
1.27908
1.25629
1.32883
2.61225
7.32929
1.2755
1.24692
1.26863
1.54096
1.28
1.27279
1.2525
1.27892
1.36
1.21317
1.28158
1.26613
1.26683
1.2445
1.26042
1.25546
1.28425
1.29471
1.25358
1.25337
1.28429
1.24537
1.24779
1.29096
1.26858
1.27096
1.26579
1.25854
1.21575
1.25821
1.26987
1.34592
1.18487
1.25788
1.25579
1.31296
1.31746
1.17842
1.28521
1.27537
1.26687
1.2705
1.27829
1.25458
1.27
1.28929
1.25904
1.26113
1.25967
1.30846
1.26233
1.255
1.26671
1.53417
1.27571
1.29725
1.27117
1.26592
1.2695
1.25829
1.28354
1.25904
1.28954
1.23554
1.27987
1.28175
1.251
1.26221
1.26346
1.25087
1.28825
1.29812
1.27883
1.29696
1.25242
1.25487
1.26054
1.28454
1.28825
1.2825
1.24154
1.26533
1.27321
1.26804
1.28525
1.26546
1.27038
1.26087
1.26204
1.27354
1.26071
1.27612
1.29242
1.24629
1.26404
1.29496
1.27617
1.25075
1.26242
1.24883
1.32271
1.21154
1.285
1.32488
1.22454
1.24962
1.22846
1.27479
1.28017
1.27829
1.25954
1.27033
1.24817
1.23879
1.3125
1.29521
1.25812
1.25412
1.28996
1.24804
1.27442
1.28717
1.2465
1.27537
1.26621
1.25242
1.26833
1.27758
1.24887
1.25175
1.28021
1.27296
1.25162
1.27212
1.27863
1.23683
1.28508
1.24167
1.28779
1.30075
1.21533
1.28125
1.259
1.25983
1.26558
1.24987
1.26971
1.23938
1.26004
1.24883
1.26467
1.25083
1.28196
1.26804
1.26821
1.263
1.2645
1.26987
1.26379
1.25717
1.26087
2.53171
2.06621
1.23583
1.30671
1.24533
1.28779
2.81746
2.10454
1.23933
1.29912
1.24458
1.30954
1.20792
1.24638
1.27842
1.29388
1.21208
1.27163
1.26254
1.27642
1.27337
1.39729
1.14046
1.26696
1.24204
1.28217
1.25271
1.267
1.60904
1.13762
1.25108
1.29779
1.28542
1.25617
1.28963
1.25342
1.26929
1.27946
1.28983
1.23217
2.39692
1.28538
1.2475
1.27354
1.25779
1.59975
1.26308
1.25487
1.26025
1.28704
1.23058
1.7175
1.17696
1.26337
1.26183
1.26171
1.28738
1.25996
1.24679
1.27654
1.2605
1.31812
1.31338
1.17362
1.25171
1.2605
1.28379
1.28225
1.27683
1.30408
1.38413
1.40433
1.20425
1.23167
2.01354
2.07325
1.45121
1.35267
1.52063
1.22725
1.38971
1.19092
1.27804
1.59888
1.28296
1.39813
2.03404
1.50513
1.87029
1.20179
1.26046
1.27758
1.41867
1.13092
1.70346
1.2725
1.25337
1.27612
1.29012
1.26725
1.58108
1.27642
1.23858
1.25975
1.31925
1.22396
1.49421
1.27971
1.252
1.28375
1.29508
1.29983
1.29892
1.49979
1.25754
1.27329
1.25979
1.25292
1.29237
1.47154
1.25608
1.30587
1.23658
1.28462
1.34692
1.406
1.26246
1.30129
1.23438
1.27692
1.26229
1.34767
1.37425
1.24379
1.256
1.28437
1.36096
1.15821
1.48642
1.24608
1.31533
1.23508
1.2835
1.28004
1.42063
1.27808
1.25683
1.26096
1.28817
1.25021
1.25333
1.25471
1.25254
1.53758
1.20833
1.24908
1.33463
1.49138
1.1995
1.24388
1.26137
1.25992
1.27317
1.26046
1.24662
1.39604
1.33854
1.25696
1.25967
1.28937
1.47921
1.27163
1.2585
2.22162
2.79996
1.94458
1.46767
1.25537
1.2495
1.34075
1.18717
1.4695
1.25467
1.26575
1.27325
1.27475
1.22025
1.27325
1.38571
1.42296
1.20725
1.24713
1.25221
1.27954
1.49183
1.25108
1.26137
1.28313
1.23683
1.26458
1.26421
1.26075
1.46317
1.27513
1.27158
1.25471
1.25537
1.32854
1.43833
1.2585
1.26329
1.26929
1.26812
1.32554
1.43408
1.24896
1.24367
1.2805
1.27596
1.26479
1.47254
1.25233
1.26137
1.27687
1.25329
1.26621
1.26896
1.50537
1.2585
1.26042
1.26683
1.27954
1.27246
1.47367
1.24212
1.28333
1.26583
1.26883
1.25371
1.24983
1.50113
1.26029
1.26825
1.24371
1.28483
1.48621
1.25233
1.25271
1.27413
1.25746
1.26192
1.26746
1.24475
1.50833
1.23904
1.24825
1.27892
1.24367
1.49104
1.25288
1.261
1.28504
1.30596
1.197
1.25504
1.25475
1.59883
1.15146
1.22962
1.26654
1.27696
1.48717
1.25821
1.25521
1.27875
1.26704
1.24933
1.26513
1.49208
1.2565
1.25983
1.26021
1.25946
1.26979
1.28487
1.48212
1.28233
1.26325
1.26183
1.27125
1.27038
1.591
1.14429
2.16175
1.9995
1.30188
1.298
1.43738
1.307
1.27
1.27883
1.26354
1.50804
1.31175
1.24146
1.27517
1.31171
1.24113
1.532
1.4195
1.32208
1.09037
1.29737
1.2925
1.60367
1.34346
1.44667
1.59879
1.2255
1.55342
1.61854
1.42571
1.28475
1.667
0.967458
1.20775
1.47467
1.27833
1.29729
1.25187
1.24558
1.28304
1.49475
1.24113
1.29308
1.25783
1.26083
1.29538
1.27017
1.55067
1.28233
1.26471
1.29896
1.23762
1.28533
1.47667
1.23362
1.28883
1.27704
1.25792
1.27337
1.48663
1.26942
1.31279
1.21908
1.26483
1.26896
1.26492
1.26179
1.54713
1.267
1.28563
1.28563
1.25333
1.48875
1.27396
1.25104
1.28079
1.27437
1.25308
1.26537
1.26358
1.55725
1.29217
1.27021
1.23446
1.29433
1.51071
1.26125
1.28796
1.27367
1.30492
1.226
1.50454
1.29396
1.24379
1.315
1.24771
1.27258
1.32292
1.53117
1.26208
1.27046
1.26079
1.24604
1.26329
1.50854
1.23546
1.26812
1.27979
1.25175
1.28108
1.25187
1.27158
1.50662
1.27325
1.27142
1.28212
1.26475
1.25683
1.4685
1.25304
1.26588
1.30663
1.22633
1.2585
1.52038
1.24183
1.27458
1.25933
1.25762
1.27646
1.26263
1.48892
1.2655
1.26887
1.27012
1.27054
1.26254
1.45213
1.27629
1.25179
1.28804
1.27454
1.27363
1.45888
1.28275
1.28025
1.25892
1.276
1.28612
1.24742
1.47542
1.26842
1.25425
1.32975
1.21117
1.27742
1.27608
1.47296
1.27858
1.27217
1.25621
1.26404
2.47313
1.46667
1.23421
1.26
1.26571
1.47338
8.896
2.13387
1.285
1.26487
1.26113
1.25525
1.2765
1.49296
1.26696
1.26162
1.25404
1.26188
1.45238
1.277
1.24767
1.26996
1.233
1.2905
1.47204
1.26542
1.25804
1.36688
1.20942
1.25446
1.27363
1.46658
1.26571
1.24992
1.27642
1.28363
1.26696
1.2665
1.27188
1.48842
1.27317
1.25246
1.26225
1.26342
1.28129
1.48692
1.27733
1.26096
1.23404
1.28954
1.46021
1.28729
1.23671
1.25429
1.277
1.2765
1.25904
1.48862
1.23754
1.28533
1.29729
1.23404
1.26487
1.49546
1.24846
1.25554
1.27762
1.29167
1.1985
1.25558
1.27529
1.49875
1.24042
1.28375
1.268
1.25704
1.26683
1.28117
1.46229
1.26379
1.26708
1.25138
1.25875
1.48467
1.25142
1.39383
1.18971
1.25108
1.26658
1.49283
1.25129
1.25496
1.273
1.25221
1.26458
1.48992
1.24788
1.27179
1.28896
1.247
1.26692
1.24308
1.49325
1.26296
1.31092
1.25442
1.23308
1.24804
1.48979
1.25267
1.2565
1.27629
1.27129
1.2495
1.25729
1.25604
1.50158
1.255
1.25225
1.28267
1.246
1.52254
1.29817
1.20762
1.2575
1.31046
1.24246
1.25729
1.47
1.25375
1.26963
1.27208
1.26446
1.27012
1.47808
1.24075
1.30808
1.254
1.24383
1.34979
1.66479
1.00087
1.3195
1.18538
1.32737
1.20021
1.26071
1.50821
1.23021
1.26446
1.34008
1.23333
1.26113
1.49133
1.22608
1.26692
1.26858
1.25458
1.28067
1.56808
1.14883
1.35458
1.23367
1.25975
1.24967
1.2605
1.25842
1.25142
1.29663
1.30117
1.39033
1.29342
6.88267
2.06725
1.23417
1.24504
1.30358
1.27887
1.25879
1.26383
1.25775
1.55046
1.2835
1.26754
1.26317
1.25229
1.285
1.252
1.27267
1.25708
1.26613
1.27908
1.27054
1.47537
1.30371
1.26546
1.28775
1.25046
1.2565
1.54079
1.287
1.25033
1.265
1.26283
1.31758
1.23221
1.48537
1.26408
1.3745
1.22062
1.28829
8.44179
1.44837
1.29008
1.31742
1.34096
1.27796
1.24962
1.43458
1.08196
1.26258
1.29496
1.24604
1.26337
1.26296
1.29258
1.26996
1.25788
1.29787
2.05792
1.26471
1.26617
1.60529
1.28821
1.2535
1.28771
1.26083
1.24558
1.55833
1.29567
1.24529
1.26946
1.29279
1.22658
1.3955
1.38633
1.28279
1.23633
1.30617
1.22783
1.25854
1.55412
1.25204
1.26783
1.2585
1.31462
1.19758
1.25104
1.30363
1.23421
1.30296
1.279
1.24479
1.25975
1.54287
1.26617
1.25854
1.26
1.31204
1.22583
1.50842
1.24879
1.22183
1.30954
1.29638
1.25588
1.26567
1.26238
1.25979
1.27008
1.276
1.3525
1.1895
1.36883
1.51742
1.23783
1.27771
1.26458
1.25858
1.29796
1.55767
1.25867
1.28471
1.25975
1.28262
1.26908
1.53421
1.27646
1.29296
1.25596
1.27475
1.30529
1.26362
1.27033
1.27508
1.27108
1.25721
1.29462
1.21896
1.55604
1.25562
1.25004
1.29642
1.25858
1.23692
1.54958
1.26113
1.25033
1.27033
1.28667
1.235
1.50517
1.26275
1.26708
1.26783
1.28158
1.38758
1.18021
1.26079
1.25637
1.27279
1.27579
1.26308
1.23988
1.39371
1.43396
1.2455
1.29192
1.28304
1.32142
1.18942
1.52067
1.2405
1.28933
1.27729
1.25642
1.25962
1.49908
1.27913
1.26879
1.26963
1.23942
1.26333
1.48221
1.26508
1.26863
1.23858
1.30992
1.24892
1.27583
1.26283
1.45667
1.36308
1.20642
1.24412
1.23867
1.50375
1.26625
1.23862
1.27212
1.27563
1.25625
1.27304
1.24683
1.48171
1.25962
1.2905
1.40946
1.1295
1.31021
1.24896
1.24579
1.28283
1.28642
1.23896
1.26717
1.49908
1.25333
1.27854
1.29287
1.25775
1.25263
1.48788
1.27188
1.27583
1.29217
1.26658
1.24217
1.29333
1.46208
1.27604
1.29112
1.25938
1.24613
1.25867
1.48558
1.26792
1.26396
1.26913
1.26317
1.30783
1.44521
1.28038
1.25613
1.27404
1.28337
1.24412
1.22942
1.48675
1.24983
1.25904
1.27508
1.31154
1.19863
1.27625
1.24488
1.47825
1.26904
1.24362
1.27996
1.27008
1.52271
1.22887
1.29475
1.25925
1.24042
1.26625
1.25971
1.45888
1.26212
1.28033
1.25633
1.25867
1.57092
1.21933
1.27054
1.24808
1.26596
1.25717
1.24942
1.263
1.49696
1.25496
1.29275
1.26558
1.25312
1.27396
1.49592
1.25854
1.27038
1.30333
1.24029
1.27967
1.26033
1.47167
1.27954
1.26196
1.24179
1.26054
1.26996
1.28771
1.26208
1.49558
1.25862
1.26571
1.55558
1.19804
1.24554
1.25933
1.27658
1.265
1.2655
1.48392
1.25146
1.27129
1.2895
1.29325
1.23121
1.25962
1.27337
1.46179
1.26717
1.27946
1.26075
1.2525
1.47904
1.25867
1.27817
1.27796
1.31229
1.22254
1.54521
1.16613
1.35367
1.20133
1.27471
1.26404
1.25229
1.45775
1.27667
1.24767
1.28004
1.26987
1.25433
1.4725
1.28417
1.22062
1.3155
1.24862
1.27429
1.26812
1.46375
1.27154
1.28679
1.27258
1.34046
1.23742
1.43646
1.26746
1.25658
1.29329
1.32113
1.21546
1.24187
1.49925
1.25692
1.25617
1.29221
1.27425
1.23733
1.48971
1.28433
1.20308
1.30858
1.25075
1.23946
1.54487
1.23842
1.25429
1.27804
1.26908
1.29054
1.21625
1.49646
1.25879
1.25337
1.28179
1.25358
1.37637
1.22258
1.25404
1.24033
1.27863
1.27687
1.25263
1.27937
1.64842
1.16258
1.27658
1.25704
1.36492
1.16421
1.52692
1.31425
1.21579
1.252
1.32746
1.20267
1.54513
1.24746
1.26867
1.24571
1.33742
1.31571
1.16808
1.49146
1.261
1.33413
1.19413
1.26108
1.24304
1.28492
1.45308
1.30417
1.23554
1.2885
1.26471
1.26017
1.50329
1.28292
1.24992
1.28979
1.26296
1.25033
1.49983
1.27504
1.25054
1.34413
1.24
1.18629
1.51583
1.25554
1.24942
1.28963
1.28833
1.22371
1.27767
1.25558
1.48488
1.28975
1.23871
1.26913
1.27563
1.51158
1.26058
1.26542
1.25246
1.27517
1.26746
1.22513
1.49108
1.29967
1.25471
1.29042
1.25846
1.25942
1.43983
1.29863
1.26383
1.29713
1.24042
1.25071
1.535
1.22046
1.25388
1.28454
1.29737
1.24138
1.27117
1.49025
1.27608
1.24133
1.28475
1.26225
1.23113
1.58629
1.17542
1.24879
1.26537
1.29033
1.283
1.20683
1.49721
1.24883
1.25925
1.25713
1.28154
1.26192
1.46683
1.27142
1.28379
1.27963
1.26408
1.23671
1.2755
1.47325
1.25742
1.29696
1.27787
1.2675
1.25467
1.50392
1.25408
1.25113
1.27271
1.34208
1.14317
1.53683
1.22412
1.27475
1.26896
1.25804
1.24158
1.24254
1.49571
1.27508
1.29838
1.21588
1.26446
1.24075
1.49642
1.28887
1.27154
1.31333
1.24396
1.26725
1.24467
1.48512
1.28333
1.25808
1.27583
1.28137
1.23512
1.52708
1.236
1.25271
1.30592
1.31658
1.18975
1.28975
1.45308
1.25667
1.25817
1.28917
1.28242
1.27267
1.47263
1.3115
1.23242
1.27192
1.2255
1.27304
1.28196
1.463
1.26042
1.27437
1.26296
1.31954
1.20967
1.49679
1.25546
1.28383
1.22646
1.30054
1.26567
1.43129
1.28696
1.25537
1.34242
1.18708
1.27112
1.27292
1.5055
1.26896
1.29679
1.249
1.33133
1.18417
1.49658
1.27458
1.25075
1.26513
1.27133
1.26008
1.49042
1.22875
1.25838
1.25454
1.27371
1.27233
1.28108
1.48396
1.26087
1.23771
1.271
1.26683
1.27596
1.47437
1.24583
1.25804
1.27829
1.284
1.25779
1.26533
1.46067
1.25967
1.26821
1.26096
1.41208
1.12112
1.46342
1.28087
1.25063
1.27521
1.35758
1.19196
1.46467
1.27875
1.24183
1.26246
1.28025
1.36862
1.17213
1.47467
1.25192
1.31658
1.23013
1.27496
1.26713
1.455
1.289
1.29642
1.22979
1.26
1.27725
1.26063
1.48104
1.26667
6.86942
