4.20975
7.07992
4.66225
3.28808
2.76612
2.09983
2.06437
1.60308
1.78513
1.49646
1.50879
1.50487
1.54383
2.03963
1.49333
1.49017
1.51154
1.58942
1.486
1.49533
2.03021
1.486
1.469
1.79796
1.47037
1.50812
1.52117
1.492
1.63892
1.63942
1.48567
1.52567
1.49542
1.4785
1.74592
1.47525
1.53717
1.48096
1.5065
1.712
1.479
1.53033
1.49583
1.5205
1.47958
1.48917
1.71575
1.48129
1.52004
1.50954
1.51454
1.49242
1.73729
1.48579
1.49892
1.50212
1.73575
1.50404
1.48962
1.50542
1.50842
1.51054
1.69179
1.50913
1.50883
1.53942
1.70808
1.50517
1.47621
1.50429
1.57654
1.43788
1.56054
1.47067
1.50642
1.50446
1.48575
1.51246
1.801
1.50817
1.49517
1.50967
1.52117
1.74242
1.49296
1.49025
1.49654
1.52612
1.5005
1.48904
1.72317
1.51058
1.4845
1.51562
1.73921
1.496
1.51846
1.57537
1.4675
1.51867
1.49562
1.48113
1.53542
1.49246
1.53325
1.49679
1.6815
1.62546
1.50392
1.50046
1.74046
1.49667
1.50833
1.53942
1.46133
1.75483
1.48104
1.50017
1.52713
1.49892
1.85537
1.38879
1.46558
1.52321
1.55825
1.45375
1.50404
1.69767
1.50388
1.48254
1.51854
1.77458
1.46358
1.51604
1.51388
1.47408
1.51137
1.71946
1.49875
1.49075
1.50492
1.48925
1.72367
1.5005
1.52738
1.50325
1.64717
1.60688
1.44712
1.51012
1.49533
1.57483
1.42921
1.53267
1.52863
1.46538
1.48658
1.50371
1.50117
1.79179
1.44571
1.52942
1.50921
1.47858
1.72979
1.48454
1.50192
1.528
1.50258
1.87517
1.35379
1.51429
1.52546
1.50383
1.52025
1.69592
1.50029
1.52817
1.50075
1.50692
1.76729
1.53383
1.47529
1.49096
1.50187
1.77787
1.45292
1.51763
1.49433
1.50125
1.51246
1.766
1.48267
1.48042
1.51113
1.52383
1.46417
1.50658
1.51579
1.48871
1.54779
1.49317
1.51392
1.47721
1.86587
1.47196
1.49304
1.52604
1.78654
1.46883
1.49733
1.61413
1.38738
1.78417
1.49658
1.51012
1.51525
1.49504
1.73817
1.49604
1.49383
1.50308
1.49913
1.50383
1.64387
1.60354
1.51838
1.54921
1.48942
1.69712
1.48604
1.52321
1.53492
1.469
1.49438
1.7195
1.51508
1.53246
1.45929
1.50463
1.50671
1.71971
1.489
1.49279
1.53208
1.51929
1.52125
1.51879
1.48542
1.48362
1.523
1.50983
1.87117
1.4755
1.52517
1.46258
1.78742
1.4945
1.5065
1.4885
1.51362
1.7365
1.50379
1.51838
1.51429
1.46592
1.51337
1.488
1.7125
1.53542
1.48158
1.51863
1.55492
1.53179
1.48788
1.49904
1.47896
1.51775
1.51758
1.86321
1.535
1.47575
1.50933
1.82983
1.51821
1.50992
1.54121
1.44792
1.75329
1.54179
1.48925
1.51867
1.4615
1.51467
1.65121
1.63163
1.48983
1.50642
1.51804
1.55592
1.49575
1.50542
1.48675
1.52558
1.4915
1.49929
1.83529
1.52683
1.50592
1.482
1.75908
1.50312
1.54683
1.49654
1.49654
1.74388
1.49208
1.522
1.49542
1.48525
1.50954
1.55862
1.484
1.51662
1.49613
1.48687
1.49854
1.51171
1.831
1.50087
1.51646
1.75204
1.52225
1.55283
1.45817
1.53146
1.67379
1.55583
1.50887
1.51558
1.54363
1.46983
1.48254
1.53233
1.50463
1.49875
1.61871
1.41742
1.72612
1.48921
1.58992
1.43896
1.49808
1.81496
1.4885
1.50475
1.52763
1.51692
1.50729
1.50354
1.50342
1.5815
1.50662
1.50554
1.82296
1.517
1.50187
1.49412
1.48233
1.74646
1.49504
1.49404
1.51329
1.50842
1.71471
1.48108
1.52679
1.64483
1.50971
1.43454
1.755
1.49508
1.60854
1.52687
1.40167
1.7455
1.47417
1.52437
1.49638
1.4935
1.5145
1.48792
1.49275
1.49629
1.53933
1.52012
1.55367
1.49542
1.4925
1.52125
1.49187
1.50108
1.50962
1.48254
1.82367
1.49596
1.49908
1.51371
1.50758
1.51633
1.49254
1.47667
1.76429
1.51567
1.50079
1.51954
1.498
1.48638
1.49038
1.50467
1.51812
1.52183
1.49388
1.48125
1.50746
1.5285
1.53704
1.51354
1.46417
1.52175
1.4885
1.51917
1.50463
1.50979
1.50667
1.58442
1.4285
1.51154
1.50537
1.47517
1.51992
1.48979
1.49554
1.52913
1.48862
1.74638
1.449
1.49212
1.50592
1.50325
1.49337
1.51258
1.50479
1.46896
1.49383
1.52542
1.54125
1.50225
1.48671
1.48908
1.50979
1.48696
1.53033
1.47658
1.53475
1.48733
1.52279
1.50583
1.51092
1.47737
1.51471
1.54979
1.46937
1.52413
1.48687
1.50288
1.52812
1.48608
1.75417
1.43829
1.50208
1.52954
1.496
1.4915
1.50667
1.48817
1.50879
1.49921
1.49662
1.48658
1.49921
1.50204
1.51263
1.55008
1.45254
1.48704
1.50517
1.50667
1.503
1.50646
1.49596
1.7705
1.46108
1.54021
1.51371
1.50617
1.49938
1.49579
1.49558
1.53779
1.48171
1.69179
1.49063
1.49588
1.50038
1.51279
1.50525
1.51717
1.47258
1.50242
1.52337
1.53725
1.50967
1.48758
1.48625
1.50383
1.55421
1.45888
1.51829
1.47858
1.51633
1.51442
1.53017
1.51071
1.51108
1.47896
1.50221
1.50087
1.50871
1.49287
1.50887
1.51354
1.50529
1.49813
1.49412
1.73821
1.51079
1.50746
1.54804
1.45513
1.49675
1.49642
1.50417
1.50996
1.51425
1.50258
1.50529
1.4735
1.50358
1.50229
1.53971
1.50263
1.48346
1.52346
1.49933
1.50867
1.526
1.49662
1.48117
1.51975
1.52792
1.50746
1.50167
1.50254
1.48821
1.52662
1.51467
1.48488
1.67608
1.49396
1.51754
1.54533
1.47208
1.51683
1.52208
1.49975
1.50625
1.51413
1.47788
1.49537
1.53638
1.45133
1.52963
1.48921
1.52217
1.48321
1.50713
1.52133
1.48263
1.50525
1.52679
1.49379
1.47854
1.52838
1.51767
1.50938
1.49525
1.49858
1.5255
1.47979
1.50246
1.71529
1.56471
1.43754
1.48562
1.53946
1.47742
1.50463
1.48442
1.5145
1.48479
1.55471
1.50229
1.466
1.49708
1.51583
1.52192
1.50542
1.50513
1.47837
1.51863
1.52679
1.48583
1.50842
1.493
1.48062
1.5245
1.5435
1.49654
1.48267
1.49283
1.50746
1.53887
1.48838
1.70729
1.47121
1.53896
1.51238
1.52204
1.50675
1.53546
1.458
1.52596
1.49142
1.51525
1.49025
1.5085
1.49737
1.50942
1.60167
1.43217
1.56187
1.50687
1.48042
1.59121
1.524
1.45808
1.75054
1.53021
1.51533
1.48308
1.57933
1.42096
1.52754
1.48108
1.50767
1.73071
1.62879
1.55821
1.48571
1.55017
1.69796
1.44475
1.67667
1.49683
1.51242
1.48842
1.5745
1.81238
1.49671
1.51421
1.54471
1.59642
1.72713
1.49658
1.51038
1.64904
1.43975
1.49521
1.50788
1.77192
1.50704
1.47504
1.70775
1.42904
1.69067
1.52012
1.60287
1.51754
1.76142
1.57958
1.41942
1.58996
1.52733
1.48475
1.52617
1.49654
1.503
1.45733
1.65142
1.72962
1.48604
1.49571
1.52092
1.57996
1.75492
1.51725
1.49792
1.6065
1.46396
1.80008
1.48792
1.51096
1.64529
1.39783
1.81533
1.45892
1.50371
1.50725
1.51342
1.505
1.7775
1.49233
1.49325
1.579
1.41925
1.89046
1.20096
1.52008
1.484
1.60987
1.51971
1.4845
1.76321
1.50704
1.57567
1.5475
1.72875
1.51242
1.50571
1.522
1.54379
1.51729
1.50517
1.48421
1.50729
1.50096
1.50721
1.50071
1.75879
1.50063
1.59337
1.47017
1.5
1.63754
1.39358
1.49954
1.49154
1.50858
1.80688
1.52183
1.46446
1.50696
1.56258
1.51075
1.48496
1.50063
1.50471
1.51925
1.54629
1.78758
1.49954
1.515
1.62629
1.46025
1.76058
1.47904
1.50487
1.56217
1.49412
1.52212
1.49613
1.46612
1.50917
1.48746
1.51858
1.50604
1.70467
1.51567
1.52492
1.50121
1.52458
1.51017
1.48742
1.525
1.48967
1.51083
1.51162
1.49492
1.529
1.55721
1.45804
1.51833
1.48383
1.5205
1.51367
1.49138
1.48833
1.50792
1.50408
1.49725
1.57383
1.47579
1.47371
1.51033
1.52983
1.52875
1.49271
1.49267
1.73788
1.49617
1.51246
1.53154
1.47221
1.52733
1.4905
1.50063
1.52179
1.50908
1.49342
1.50021
1.48821
1.5295
1.54208
1.474
1.47333
1.49862
1.49287
1.51542
1.51238
1.50562
1.47771
1.49788
1.50613
1.49717
1.50962
1.49429
1.49588
1.50146
1.53242
1.50442
1.47225
1.72233
1.49704
1.53221
1.51662
1.50829
1.50662
1.58142
1.39667
1.50042
1.5245
1.49754
1.50446
1.48046
1.50542
1.497
1.50913
1.52154
1.49279
1.48663
1.51196
1.50567
1.51271
1.49517
1.52396
1.50475
1.52183
1.49571
1.51158
1.48492
1.52287
1.501
1.49254
1.50817
1.49354
1.724
1.46983
1.52379
1.61213
1.38446
1.51162
1.50492
1.51067
1.61287
1.47417
1.76592
1.49692
1.524
1.54825
1.55867
1.75254
1.49233
1.50887
1.54533
1.46721
1.50246
1.50817
1.77742
1.50658
1.51671
1.74879
1.27642
1.71083
1.51317
1.50079
1.51208
1.47808
1.97371
1.40804
1.47521
1.75687
1.37975
1.78462
1.48975
1.5065
1.60175
1.49658
1.78363
1.51212
1.52021
1.52163
1.57387
1.53808
1.83508
1.43467
1.504
1.52271
1.79225
1.50242
1.50125
1.56629
1.47742
1.49
1.85579
1.50687
1.49633
1.51825
1.60271
1.77221
1.54979
1.45692
1.60821
1.46588
1.78471
1.57067
1.43388
1.68063
1.37104
1.88363
1.40171
1.50279
1.50592
1.505
1.52917
1.48638
1.4755
1.53004
1.69342
1.296
1.82233
1.42271
1.49713
1.501
1.56988
1.49887
1.49779
1.47562
1.52754
1.48783
1.52467
1.90692
1.36758
1.49029
1.49887
1.50133
1.51425
1.4955
1.50967
1.499
1.52896
1.47808
1.50375
1.51279
1.5085
1.48679
1.52333
1.51454
1.69917
1.49971
1.50183
1.50171
1.50288
1.51113
1.50067
1.50246
1.51596
1.48742
1.776
1.43979
1.49833
1.49617
1.51125
1.49446
1.53337
1.49154
1.48233
1.49625
1.50058
1.50454
1.50304
1.47883
1.51108
1.52667
1.51179
1.4885
1.50125
1.51892
1.514
1.52063
1.48792
1.49979
1.50579
1.54354
1.48163
1.50446
1.51087
1.48287
1.51025
1.53717
1.49287
1.48696
1.52083
1.50321
1.59017
1.44496
1.4795
1.70333
1.51446
1.49683
1.49962
1.50279
1.49608
1.51462
1.50421
1.52404
1.50662
1.49662
1.50896
1.49517
1.47242
1.50788
1.51404
1.48525
1.52812
1.49471
1.501
1.52029
1.49562
1.48783
1.545
1.48
1.51817
1.50312
1.50667
1.48058
1.51396
1.51008
1.54038
1.49212
1.4905
1.73187
1.44683
1.54325
1.50608
1.47971
1.50558
1.5275
1.47588
1.49754
1.496
1.52429
1.49608
1.47733
1.51533
1.53371
1.45817
1.49429
1.51562
1.49383
1.50825
1.48154
1.53367
1.48075
1.49408
1.51017
1.55725
1.43708
1.54117
1.49604
1.4985
1.53558
1.49792
1.48113
1.56142
1.75729
2.2915
1.50433
1.54171
1.50708
1.50312
1.47296
1.50012
1.51042
1.51708
1.50667
1.47721
1.49783
1.54221
1.50229
1.48117
1.51079
1.53662
1.51371
1.43358
1.55246
1.48042
1.48183
1.49946
1.53988
1.48471
1.49996
1.49821
1.48254
1.52437
1.49813
1.50879
1.87975
1.47237
1.52275
1.49638
1.51475
1.50342
1.48625
1.52983
1.49171
1.51346
1.77725
1.41575
1.50021
1.49096
1.49096
1.54075
1.49417
1.46679
1.50404
1.50954
1.5095
1.53817
1.49521
1.49938
1.49129
1.54671
1.49121
1.71692
1.50412
1.52058
1.51063
1.48625
1.50054
1.49558
1.50933
1.5
1.52167
1.50783
1.47375
1.51117
1.51021
1.49913
1.47846
1.52704
1.50125
1.55188
1.48692
1.45679
1.51004
1.46762
1.51433
1.50442
1.54571
1.46692
1.48467
1.48854
1.50038
1.50317
1.52163
1.51146
1.48796
1.48887
1.55317
1.47242
1.49442
1.48737
1.50263
1.50908
1.50017
1.50575
1.50646
1.50221
1.48321
1.53404
1.5095
1.47817
1.49533
1.49008
1.50575
1.51913
1.48875
1.48496
1.51671
1.4855
1.50504
1.52212
1.49104
1.49917
1.49646
1.50588
1.52933
1.48954
1.48446
1.49733
1.50967
1.49996
1.51638
1.46933
1.5105
1.51896
1.49317
1.50796
1.54229
1.42687
1.55275
1.48308
1.50821
1.50012
1.47913
1.50821
1.539
1.46283
1.52038
1.5095
1.485
1.54412
1.47525
1.50775
1.52454
1.47992
1.52142
1.50754
1.49287
1.51367
1.48663
1.50625
1.52433
1.47338
1.62533
1.37596
1.59854
1.49038
1.49192
1.49783
1.51258
1.50533
1.48788
1.5055
1.46138
1.49987
1.50125
1.5075
1.49212
1.49679
1.51029
1.50267
1.49721
1.50029
1.50421
1.49662
1.49771
1.74846
1.27517
1.87358
9.36363
1.52733
1.48938
1.49067
1.50229
1.49796
1.48862
1.55083
1.45029
1.58196
1.41908
1.54225
1.51625
1.4935
1.48758
1.52329
1.50454
1.515
1.49917
1.54621
1.48163
1.50983
1.49238
1.548
1.45854
1.47208
1.50046
1.52517
1.49867
1.50412
1.51521
1.51079
1.51687
1.50379
1.50113
1.51108
1.49742
1.50621
1.51004
1.49267
1.49012
1.51063
1.48175
1.49463
1.52433
1.48463
1.63471
1.51746
1.49908
1.50358
1.52212
1.91679
1.745
1.28787
1.45125
1.49892
1.50654
1.51362
1.52333
1.51687
1.47525
1.51137
1.51346
1.51671
1.54733
1.45092
1.51492
1.54937
1.50496
1.5205
1.51196
1.49521
1.51675
1.51229
1.493
1.49108
1.49438
1.53925
1.53408
1.52021
1.53679
1.51721
1.50083
1.50979
1.50454
1.50421
1.50071
1.51942
1.5445
1.50625
1.50371
1.52575
1.49708
1.50388
1.50754
1.50592
1.52204
1.51104
1.509
1.51096
1.53233
1.49087
1.51883
1.5005
1.52787
1.51004
1.49733
1.50412
1.52775
1.48521
1.50921
1.51333
1.531
1.49917
1.51208
1.51738
1.51254
1.46679
1.53275
1.52363
1.50812
1.51458
1.53313
1.5195
1.52492
1.46358
1.48983
1.51092
1.51996
1.51883
1.49838
1.4855
1.5095
1.49046
1.5285
1.48946
1.51879
1.48604
1.527
1.51746
1.50621
1.50483
1.51329
1.50633
1.50579
1.49033
1.49729
1.50517
1.50388
1.63437
1.44033
1.49479
1.49838
1.52563
1.46208
1.50208
1.50279
1.49154
1.50221
1.52796
1.51254
1.49696
1.50812
1.50429
1.61692
1.45233
1.458
1.49679
1.50254
1.52296
1.52513
1.51438
1.50421
1.51496
1.46658
1.54179
1.508
1.50938
8.50092
