5.39854
7.25471
5.52187
3.12733
4.14338
2.18083
2.14013
2.55488
1.85304
1.78054
1.74183
1.71454
2.11071
1.54842
1.5685
1.37342
1.35621
1.30163
1.3055
1.89433
1.25075
1.24321
1.34688
1.28596
1.25838
1.24629
1.84254
1.28121
1.2895
1.255
1.26717
1.28483
1.79583
1.26212
1.27475
1.25221
1.29912
1.24062
1.53196
1.27146
1.26879
1.27963
1.26946
1.24979
1.266
1.25408
1.27487
1.26046
1.27746
1.26929
1.23488
1.27625
1.27796
1.26588
1.257
1.27592
1.25417
1.24917
1.26292
1.29246
1.25925
1.26687
1.26617
1.23212
1.27796
1.30104
1.23962
1.25729
1.28054
1.24367
1.25067
1.30675
1.28412
1.23933
1.28087
1.24017
1.26592
1.28458
1.25883
1.27192
1.254
1.23425
1.25346
1.25012
1.29421
1.27542
1.28229
1.25342
1.26225
1.26429
1.28096
1.26446
1.27733
1.26725
1.23396
1.25942
1.25271
1.28892
1.26854
1.24429
1.24708
1.26754
1.27167
1.24796
1.27513
1.25125
1.272
1.25108
1.27346
1.26738
1.24375
1.24946
1.29292
1.24375
1.25533
1.26696
1.26467
1.27583
1.24471
1.27208
1.27021
1.2815
1.26442
1.26513
1.25438
1.27442
1.24808
1.26167
1.27375
1.26275
1.26029
1.26921
1.23975
1.28721
1.26521
1.26471
1.26171
1.26025
1.27404
1.26554
1.25588
1.25354
1.23596
1.28042
1.25496
1.27946
1.25879
1.24317
1.25079
1.26042
1.27971
1.26846
1.25854
1.2625
1.25221
1.27892
1.26558
1.26217
1.26767
1.27879
1.27433
1.27537
1.25242
1.25571
1.26721
1.27725
1.26029
1.26446
1.28025
1.25654
1.25967
1.30638
1.22887
1.28163
1.24817
1.25942
1.282
1.27225
1.27942
1.26192
1.2395
1.26279
1.26329
1.27963
1.26008
1.25904
1.26029
1.258
1.28158
1.26021
1.24967
1.26504
1.27396
1.26592
1.26529
1.26046
1.26025
1.27708
1.24987
1.24713
1.27738
1.27608
1.26667
1.28754
1.30783
1.21988
1.27554
1.26238
1.25371
1.26892
1.26367
1.272
1.26083
1.26242
1.26038
1.27704
1.25788
1.26092
1.27642
1.28075
1.24604
1.25904
1.257
1.25537
1.28721
1.25154
1.26475
1.27317
1.2545
1.2475
1.29308
1.25788
1.26783
1.25329
1.25637
1.27475
1.28104
1.27683
1.23542
1.26783
1.27346
1.25746
1.26596
1.29092
1.27517
1.25246
1.27446
1.24883
1.262
1.26754
1.26096
1.25704
1.26079
1.25362
1.26071
1.26175
1.28033
1.33092
1.17112
1.26346
1.27425
1.29863
1.26792
1.26842
1.24296
1.27588
1.25067
1.28229
1.24388
1.24762
1.27783
1.27146
1.26817
1.28313
1.20312
1.27392
1.28154
1.26054
1.24788
1.27396
1.23858
1.29683
1.27504
1.24121
1.27058
1.25987
1.24008
1.26708
1.30221
1.24729
1.25054
1.22908
1.27079
1.25375
1.25008
1.25642
1.25812
1.32683
1.20492
1.25917
1.26933
1.26096
1.27225
1.27392
1.242
1.26229
1.25283
1.24938
1.27021
1.28604
1.26408
1.23317
1.25883
1.27812
1.25446
1.27996
1.27612
1.33796
1.15263
1.25608
1.25908
1.43512
1.27379
1.31146
1.17333
1.24325
1.26796
1.25771
1.28033
1.27212
1.2925
1.27508
1.22212
1.24992
1.27487
1.27833
1.25246
1.26042
1.27579
1.26621
1.45837
1.29033
1.2495
1.29525
1.25308
1.27521
1.26892
1.27937
1.24617
1.27896
1.2375
1.27921
1.27887
1.23746
1.26692
1.25713
1.25792
1.28163
1.24479
1.27521
1.24258
1.27458
1.33463
1.21367
1.26571
1.25842
1.2495
1.28154
1.26367
1.26875
1.27083
1.263
1.26717
1.25333
1.26733
1.28404
1.26287
1.26708
1.27167
1.26033
1.25012
1.27329
1.27496
1.25271
1.27971
1.28458
1.2365
1.29008
1.26904
1.24275
1.25613
1.29617
1.26758
1.25833
1.26808
1.25475
1.27717
1.24379
1.26421
1.25896
1.27662
1.26342
1.27908
1.24167
1.26442
1.26467
1.25238
1.26479
1.249
1.27883
1.26929
1.27238
1.24646
1.286
1.24629
1.28337
1.24058
1.29083
1.24217
1.24354
1.28546
1.26038
1.28058
1.25871
1.28033
1.25167
1.27354
1.27987
1.27217
1.25271
1.24733
1.26204
1.26075
1.27533
1.28125
1.28133
1.26558
1.257
1.27038
1.28571
1.27046
1.30667
1.18979
1.28054
1.274
1.26242
1.26308
1.26825
1.26471
1.25162
1.28363
1.25396
1.31871
1.20642
1.266
1.30046
1.25446
1.2385
1.30596
1.23492
1.24579
1.24792
1.26583
1.25446
1.25987
1.24583
1.26562
1.24483
1.25862
1.25883
1.27388
1.25537
1.38054
1.19325
1.38971
1.19054
1.23021
1.27863
1.26167
1.2795
1.26717
1.23988
1.26038
1.26083
1.27821
1.25317
1.26492
1.55196
1.24638
1.25329
1.27821
1.34217
1.18829
1.28775
1.24933
1.25063
1.26117
1.24704
2.41804
1.25637
1.24562
1.73154
1.20358
1.25583
1.27558
1.28425
1.238
1.31046
1.57408
1.29321
1.23475
1.28204
1.23292
1.25537
1.47513
1.222
1.24642
1.30954
1.27079
1.24996
1.24875
1.26442
1.48692
1.26312
1.26746
1.28142
1.27192
1.24875
1.26458
1.27667
1.24454
1.26321
1.27179
1.27987
1.25304
1.25729
1.51167
1.28687
1.25192
1.25588
1.45892
1.25275
1.271
1.28483
1.23879
1.27242
1.54679
1.19679
1.25521
1.28487
1.27475
1.26817
1.24325
1.27787
1.24304
1.24887
1.27521
1.27983
1.23887
1.26821
1.26467
1.47371
1.25542
1.26592
1.26542
1.26092
1.29363
1.23596
1.25954
1.25158
1.29079
1.25171
1.26325
1.25717
1.249
1.2695
1.29313
1.24138
1.26025
1.26304
1.26371
1.28292
1.23675
1.25212
1.25804
1.25496
1.26621
1.27325
1.27175
1.26625
1.30904
1.19112
1.25288
1.26596
1.26267
1.26117
1.24767
1.27775
1.25788
1.25767
1.26417
1.245
1.27008
1.23908
1.25267
1.27963
1.25546
1.25808
1.25475
1.24504
1.26929
1.26238
1.26983
1.26063
1.24613
1.24383
1.26867
1.26333
1.43375
1.09588
1.26496
1.26963
1.2595
1.25238
1.25979
1.70208
1.18979
1.17917
1.30046
1.28917
1.24475
1.26629
1.28208
1.24512
1.28079
1.24346
1.29896
1.23263
1.23992
1.26375
1.26012
1.29592
1.26717
1.26812
1.25562
1.25967
1.26263
1.2745
1.24758
1.27475
1.27521
1.26133
1.26975
1.274
1.24158
1.2935
1.25467
1.257
1.2355
1.29237
1.25192
1.30846
1.24829
1.26671
1.28137
1.25342
1.26738
1.25771
1.286
1.25329
1.27662
1.25379
1.26692
1.25696
1.26662
1.25046
1.2655
1.28129
1.25987
1.27117
1.25942
1.2545
1.26638
1.26012
1.28008
1.25425
1.27825
1.2635
1.27704
1.25121
1.24337
1.47179
1.28233
1.25696
1.26896
1.25725
1.29242
1.276
1.24446
1.24925
1.26983
1.26921
1.2545
1.24896
1.25979
1.26629
1.26129
1.26746
1.27154
1.25358
1.27096
1.27308
1.26312
1.269
1.28767
1.25225
1.26287
1.27554
1.27033
1.26917
1.26083
1.27854
1.23454
1.27925
1.25908
1.27758
1.26125
1.25775
1.27296
1.26604
1.262
1.27154
1.27987
1.24875
1.27442
1.26087
1.28471
1.26162
1.26513
1.258
1.28179
1.25933
1.27404
1.24446
1.27388
1.26942
1.258
1.26692
1.279
1.24275
1.28479
1.27979
1.23921
1.27887
1.263
1.2635
1.28417
1.23979
1.25513
1.26296
1.27196
1.33596
1.20733
1.26521
1.28654
1.2285
1.23233
1.28687
1.25337
1.26392
1.53796
1.21254
1.24925
1.242
1.32567
1.207
1.2435
1.28158
1.28462
1.22513
1.24221
1.27608
1.27604
1.25263
1.25325
1.24917
1.28679
1.26542
1.26158
1.25683
1.27012
1.27583
1.26129
1.26283
1.26733
1.24879
1.25887
1.26183
1.25575
1.2605
1.26592
1.25671
1.26479
1.25454
1.25862
1.28021
1.24308
1.26254
1.26004
1.264
1.2515
1.29
1.24146
1.27758
1.2725
1.24379
1.49758
1.24392
1.27833
1.23683
1.26438
1.26771
1.28721
1.23138
1.24938
1.28429
1.26592
1.25642
1.2945
1.27554
1.24296
1.23833
1.2715
1.27588
1.25862
1.27779
1.26304
1.25867
1.25275
1.2835
1.26633
1.24942
1.25079
1.24229
1.24813
1.27092
1.28483
1.24521
1.24829
1.25654
1.24971
1.25604
1.25162
1.28104
1.24017
1.25092
1.27275
1.2565
1.23721
1.26992
1.24246
1.26287
1.27971
1.26546
1.27292
1.23742
1.27479
1.24708
1.24471
1.26892
1.27454
1.27238
1.25871
1.34358
1.16792
1.26621
1.50513
1.28646
1.21521
1.28108
1.24638
1.25608
1.25454
1.27987
1.25804
1.265
1.29337
1.21904
1.48742
1.24975
1.28883
1.22988
1.23933
1.277
1.24238
2.36362
1.2715
1.29283
1.27396
1.25788
1.721
1.20233
1.25279
1.29921
1.25925
1.24829
1.25442
1.27821
1.24138
1.69754
1.26696
1.27621
1.25467
1.27808
1.24683
1.47146
1.256
1.27804
1.246
1.27133
1.27038
1.50017
1.24275
1.26683
1.23092
1.26763
1.26662
1.25804
1.46846
1.29017
1.29963
1.21696
1.26608
1.27846
1.47463
1.26271
1.27279
1.26337
1.26342
1.24679
1.47467
1.25042
1.25113
1.27196
1.27417
1.26317
1.28608
1.45983
1.26075
1.285
1.26333
1.25158
1.26046
1.48608
1.2515
1.27229
1.24992
1.26687
1.26867
1.53337
1.18496
1.28383
1.27796
1.27163
1.27192
1.24775
1.46729
1.25925
1.27212
1.25821
1.26329
1.27496
1.4885
1.2335
1.25713
1.30688
1.20904
1.29012
1.54292
1.19867
1.26221
1.26462
1.27846
1.26971
1.25358
1.46937
1.25358
1.26175
1.275
1.25875
1.27742
1.47442
1.25758
1.27396
1.25621
1.26429
1.25929
1.48342
1.27975
1.36413
1.15158
1.26346
1.26233
1.5145
1.20354
1.25617
1.27042
1.26504
1.27358
1.23192
1.48142
1.27329
1.23908
1.25721
1.25521
1.27483
1.46296
1.26183
1.26229
1.26308
1.30008
1.22167
1.25946
1.262
1.48083
1.27746
1.24958
1.24779
1.28296
1.27137
1.48683
1.25404
1.26396
1.26508
1.2745
1.2705
1.46237
1.27533
1.25183
1.25038
1.26692
1.27713
1.49008
1.2275
1.25554
1.25792
1.24746
1.2685
1.23846
1.27617
1.44863
1.26596
1.27221
1.26458
1.24954
1.37333
1.37246
1.23817
1.27742
1.26521
1.25996
1.2745
1.47117
1.25583
1.23742
1.27733
1.27646
1.25817
1.65821
1.278
5.78029
1.2765
1.30879
1.18646
1.25521
1.25158
1.25121
1.5
1.274
1.25412
1.258
1.26625
1.26312
1.26438
1.48463
1.24421
1.27038
1.24325
1.42504
1.26692
1.70071
1.24729
1.24446
1.26796
1.25475
1.24717
1.493
1.25133
1.25771
1.25375
1.26196
1.27812
1.2595
1.4625
1.28508
1.25754
1.25333
1.24821
1.2615
1.45863
1.27421
1.35204
1.27579
1.47529
1.26021
1.57058
1.14646
1.27117
1.29542
1.25263
1.23962
1.24946
1.481
1.25438
1.28858
1.268
1.27363
1.25192
1.4585
1.28529
1.26379
1.25929
1.24379
1.26354
1.25788
1.27987
1.46758
1.28221
1.2435
1.272
1.36671
1.33946
1.50246
1.22887
1.28038
1.25871
1.25158
1.28842
1.4375
1.24938
1.27408
1.28325
1.25113
1.25058
1.246
1.5045
1.24167
1.25825
1.29621
1.28313
1.48454
1.26738
1.25483
1.28604
1.28017
1.24579
1.24025
1.49438
1.24388
1.27758
1.26354
1.24633
1.25637
1.48658
1.26021
1.26267
1.26175
1.26054
1.281
1.27858
1.4465
1.29475
1.20571
1.27154
1.25987
1.26554
1.47825
1.27592
1.23729
1.28133
1.249
1.28308
1.59108
1.16479
1.25125
1.27108
1.27579
1.26092
1.26083
1.47617
1.30254
1.21246
1.28713
1.28242
1.25562
1.42508
1.32246
1.25304
1.25417
1.26704
1.25396
1.27429
1.46283
1.24458
1.30146
1.25921
1.25388
1.27125
1.45867
1.27363
1.26129
1.25917
1.27917
1.27567
1.35504
1.37558
1.26254
1.27508
1.34854
1.184
1.24879
1.50733
1.23642
1.29125
1.26433
1.26004
1.23908
1.53108
1.21979
1.23142
1.25246
1.25054
1.29179
1.264
1.48196
1.294
1.20921
1.27033
1.28829
1.27771
1.477
1.27625
1.24887
1.27575
1.26438
1.25038
1.24942
1.48854
1.27054
1.27638
1.25125
1.26979
1.25987
1.46683
1.26721
1.2515
1.26687
1.27358
1.26325
1.34075
1.39204
1.23025
1.30796
1.33288
1.18708
1.2495
1.25721
1.45271
1.32742
1.24554
1.2355
1.26971
1.24908
1.49063
1.262
1.27704
1.24537
1.25558
1.253
1.45667
1.26958
1.25504
1.29225
1.26662
1.23279
1.44175
1.27675
1.25438
1.33892
1.202
1.28604
1.24546
1.47962
1.30167
1.21729
1.28721
1.28883
1.25517
1.47762
1.24813
1.2455
1.25521
1.28412
1.26733
1.25562
1.48754
1.30617
1.21625
1.36654
1.17637
1.25458
1.483
1.25971
1.28304
1.25392
1.28112
1.25375
1.54942
1.16842
1.30488
1.24512
1.26188
1.25312
1.25329
1.48129
1.274
1.27442
1.25583
1.24325
1.25283
1.49554
1.2405
1.27508
1.26571
1.26696
1.26438
1.24933
1.46588
1.23642
1.27913
1.27571
1.26446
1.26946
1.47196
1.27588
1.22071
1.28404
1.26608
1.259
1.29746
1.44721
1.25525
1.25429
1.28579
1.26758
1.39921
1.30008
1.47304
1.32967
1.20879
1.22121
1.25533
1.24633
1.49887
1.27087
1.26496
1.28346
1.25171
1.25892
1.46008
1.26658
1.252
1.28896
1.26204
1.25233
1.46508
1.26542
1.26438
1.26992
1.42188
1.18462
1.51875
1.434
1.29462
1.20812
1.27117
1.29688
1.26758
1.425
1.35946
1.201
1.28704
1.23092
1.271
1.46771
1.248
1.28742
1.24696
1.28217
1.23821
1.47596
1.24783
1.2545
1.26946
1.24946
1.29529
1.27608
1.44142
1.36442
1.184
1.24783
1.276
1.23333
1.49908
1.24333
1.26879
1.24871
1.31458
1.19767
1.25708
1.26333
1.50317
1.27467
1.26212
1.26229
1.27012
1.47383
1.26079
1.24908
1.24504
1.29804
1.27958
1.46483
1.26346
1.25729
1.26279
1.29163
1.26863
1.25687
1.49762
1.23804
1.23683
1.27063
1.28025
1.26471
1.25463
1.26579
1.45458
1.28467
1.29262
1.26633
1.27454
1.32721
1.42475
1.27346
1.26
1.26758
1.26167
1.47788
1.29663
1.24983
1.26783
1.27408
1.262
1.25879
1.47525
1.25754
1.28508
1.25754
1.28492
1.26954
1.24725
1.47879
1.27754
1.26571
1.28158
1.26204
1.46729
1.28567
1.25571
1.25579
1.29271
1.24762
1.55392
1.17883
1.24442
1.29092
1.28117
1.25658
4.94467
3.6535
9.5295
5.244
3.53867
2.96992
2.21425
2.58446
2.07133
2.06879
2.12512
2.08142
2.54517
2.10592
2.07437
2.67321
1.98879
2.16354
2.64642
1.94017
2.08237
2.0725
2.37829
2.07213
2.10604
1.98983
2.32321
2.09329
2.02204
2.25971
2.06117
2.04892
2.09233
2.05421
2.26946
2.09492
2.05304
2.0465
2.27571
2.04721
2.07333
2.06908
2.27425
2.0715
2.05421
2.07213
2.29038
2.07987
2.01883
2.05246
2.26475
2.08729
2.05675
2.06121
2.25367
2.06858
2.057
2.25888
2.06433
2.07208
2.06467
2.28262
2.03575
2.08188
2.061
2.06479
2.29017
2.08642
2.0645
2.06137
2.28933
2.07492
2.05213
2.08571
2.28613
2.07975
2.06008
2.30437
2.05488
2.07183
2.08458
2.2575
2.08154
2.09158
2.00354
2.3025
2.0645
2.07821
2.152
2.20046
2.07071
2.05129
2.04692
2.29483
2.05283
2.06462
2.07092
2.28142
2.07908
2.05412
2.08113
2.04783
2.06454
2.1215
2.02529
2.32071
2.10213
2.13854
2.00687
2.52008
1.92375
2.16225
2.20646
2.09633
2.04613
2.03708
2.2405
2.19204
2.06992
2.02767
2.08838
2.10725
2.06054
2.09421
2.41904
1.97258
2.04775
2.10592
2.03337
2.07254
2.16104
1.94679
2.31717
2.08458
2.05096
2.05475
2.08808
2.09396
2.0345
2.11021
2.338
2.02658
2.04308
2.0295
2.14108
2.06854
2.05383
2.09183
2.37742
2.03992
2.07596
2.10217
2.35783
2.03796
2.06046
2.17567
2.06092
2.05762
2.52417
1.67208
2.04758
2.31479
2.06446
2.19671
2.23925
2.05092
2.16829
2.05963
2.05671
2.37496
2.06404
2.11675
2.0545
2.08937
2.15633
2.05304
2.17088
2.25521
2.08779
2.14404
2.052
2.06192
2.12975
2.34175
2.0705
2.05837
2.05325
2.15437
2.07071
2.06075
2.12104
2.40488
2.03725
2.0535
2.15633
2.04004
2.04275
2.16983
2.03317
2.31658
2.08338
2.25546
1.94688
2.37475
2.06017
2.05596
2.11633
2.06679
2.06083
2.14787
2.07238
2.06008
2.37008
2.04304
2.10992
2.07546
2.0695
2.22671
1.99646
2.32912
2.05312
2.15771
2.33642
2.05967
2.03933
2.048
2.17517
2.04054
2.06525
2.05658
2.08
2.32217
2.04033
2.06683
2.049
2.07079
2.06179
2.057
2.07367
2.06804
2.05638
2.16896
1.94029
2.06621
2.06704
2.26575
1.86733
2.067
2.06133
2.07337
2.06546
2.04758
2.07071
2.05654
2.05692
2.11625
2.0765
2.03713
2.50992
2.01246
2.07554
2.06062
2.38608
3.8585
7.76321
2.46875
2.07217
2.76883
1.55379
3.00233
2.25996
3.56467
1.81879
1.68237
32.1701
3.27821
1.77533
2.50612
2.64617
2.07517
4.77867
0.630958
2.92325
2.09212
2.81242
5.26654
0.909625
2.54321
1.91846
3.49229
2.76212
3.24683
1.99654
2.04375
2.30279
2.37933
1.88042
2.19092
2.3585
2.20162
2.01117
2.04662
2.48708
2.04588
2.81904
1.79471
3.21879
1.53717
2.15125
1.97471
3.24058
2.21137
1.3435
2.37733
2.53412
2.21983
3.443
1.32967
2.09404
2.11292
2.50025
1.97158
3.48546
3.35017
2.60988
2.14767
2.24346
1.83725
2.09821
2.07058
2.05513
2.07987
2.05746
2.09225
2.05771
2.06142
2.05767
2.05358
2.04788
2.06567
2.07063
2.05354
2.05783
2.06388
2.05154
2.09983
2.0605
2.06883
2.21092
2.06692
2.08988
2.07392
2.22483
2.37038
2.03592
2.04263
2.05492
2.07958
2.05492
2.10746
2.04838
3.59187
0.841917
2.39933
3.2405
2.75746
2.08046
2.00612
2.085
2.05263
2.08229
2.07163
2.29637
1.89133
2.10858
2.05146
2.16104
1.97492
2.08933
2.06679
2.09604
2.08392
2.06929
2.05288
2.06958
2.12763
2.27117
2.15704
2.06437
2.06046
2.03592
2.09333
2.04325
2.19854
3.02433
2.10737
2.01358
2.07204
2.071
2.119
2.02212
2.06321
2.07021
2.06133
2.06363
2.05654
2.06721
2.06471
2.05808
2.16987
2.01346
2.05321
2.03692
2.08708
2.10871
2.0355
2.06521
2.04921
2.0645
2.06571
2.07317
2.06454
2.046
2.08258
2.06146
2.06846
2.04596
2.08192
2.04983
2.06242
2.06096
2.07683
2.07604
2.05587
2.06521
2.07388
2.0745
2.06108
2.06396
2.07467
2.06504
2.08454
2.04529
2.07625
2.07904
2.07896
2.06288
2.046
2.11433
2.04883
2.10725
2.0895
2.04312
2.1295
2.48963
2.07117
2.48367
1.702
2.08696
2.51271
2.54546
2.99962
2.06583
2.37096
2.12129
2.95912
2.68987
2.13512
3.13242
2.48175
1.67333
2.58062
2.04479
2.09158
2.63121
1.86692
2.08271
2.05671
2.38771
2.08825
2.03642
2.13917
2.33237
2.08125
2.20067
1.99492
2.05171
2.06946
2.07842
2.05688
2.07079
2.05412
2.60525
2.06083
2.38225
2.06492
2.37258
1.73304
2.07329
2.06917
2.12208
2.003
2.39658
2.05058
2.01542
2.12062
2.03883
2.09446
2.06537
2.12358
2.37183
2.06308
2.15121
2.44721
1.96896
2.15325
2.06429
2.30283
2.08217
2.04879
2.03604
2.08567
2.07071
2.07108
2.0775
2.04925
2.06754
2.07242
2.07213
2.06625
2.06558
2.08042
2.07038
2.05692
2.05283
2.08054
2.07521
2.05121
2.06767
2.06862
2.08904
2.05362
2.05925
2.05679
2.06354
2.07508
2.06971
2.0665
2.08321
2.04929
2.08708
2.06
2.05683
2.07992
2.06979
2.06025
2.08617
2.04596
2.07667
2.06633
2.06971
2.05863
2.08725
2.05121
2.09125
2.04012
2.08175
2.04613
2.07017
2.05513
2.07275
2.06062
2.07696
2.05254
2.08363
2.05579
2.09492
2.04958
2.06475
2.06408
2.12708
2.00646
2.05842
2.06342
2.05583
2.09146
2.05438
2.06879
2.08937
2.06196
2.04388
2.07829
2.05263
2.07308
2.07262
2.08192
2.07392
2.04792
2.05662
2.07737
2.06333
2.07488
2.0545
2.05629
2.06854
2.07533
2.07354
2.0645
2.07621
2.07442
2.04212
2.07929
2.06942
2.05496
2.05271
2.05317
2.11083
2.04117
2.07425
2.04042
2.06558
2.0605
2.07708
2.03388
2.07888
2.06363
2.06758
2.04513
2.07463
2.24313
1.91138
2.03496
2.04229
2.05817
2.07429
2.11129
2.01683
2.04196
2.05175
2.06
2.06758
2.032
2.08163
2.03642
2.06088
2.06421
2.057
2.06421
2.10012
2.09463
2.03779
2.03783
2.0675
2.03525
2.06946
2.04521
2.10992
2.04575
2.00237
2.04454
2.08462
2.06075
2.05567
2.098
2.09587
2.02663
2.06217
1.95879
2.05292
2.08487
2.03071
2.11638
2.06779
2.10967
1.99029
2.05196
2.04996
2.07754
2.04825
2.05692
2.09117
1.98275
2.06038
2.05504
2.05258
2.16683
2.04237
1.98496
2.08333
2.03433
2.2675
2.02083
2.11746
1.99862
2.12271
2.00892
2.16554
1.95679
2.15833
1.95017
2.13442
2.0335
2.08967
1.99063
2.0385
2.0615
2.05117
2.09337
2.00617
2.06083
2.06575
2.065
2.05379
2.04883
2.05312
2.06429
2.05429
2.10192
2.05104
2.09296
1.99783
2.06537
2.04254
2.05596
2.05317
2.06071
2.06754
2.09979
2.05633
2.04154
2.05283
2.07179
2.47529
1.57737
2.21092
2.02012
2.05054
2.06929
2.07433
2.03788
2.05888
2.04621
2.0825
2.06067
2.06575
2.03496
2.0555
2.07775
2.09804
2.083
1.94112
2.04408
2.06475
2.06358
2.04429
2.06321
2.06462
2.10154
2.02975
2.08079
2.06117
2.05104
2.07925
2.11608
2.03863
1.98579
2.10712
2.00417
2.24992
1.86492
2.01596
2.07921
2.06067
2.01633
2.35229
1.99892
2.10721
2.04258
2.04083
2.06583
2.04983
2.05467
2.06042
2.452
1.62367
2.0205
2.15879
2.01313
2.04237
2.04704
2.08813
2.08808
3.21437
1.90712
2.06038
2.09337
2.05758
2.08692
2.05996
2.04688
2.07117
2.07388
2.06892
2.04925
2.04442
2.07467
2.00533
2.03629
2.08025
2.05975
2.05217
2.05721
2.09046
2.06563
2.0505
2.00862
2.03554
2.14725
2.00687
2.15658
1.92008
2.10367
2.04858
2.04046
2.06646
2.03704
2.04867
2.05196
2.09163
2.15263
2.00792
2.07362
2.03683
2.11063
1.99125
2.09267
2.06258
1.99604
2.06367
2.07267
2.05183
2.12125
2.03883
2.07508
2.05854
2.09942
2.06425
2.04704
2.06204
2.09125
2.06475
2.05713
2.04212
2.08404
2.05112
2.03287
2.10708
2.06029
2.07054
2.06588
2.03062
2.48783
2.0985
2.05283
2.06354
2.05196
2.07617
2.06733
2.05558
2.06346
2.06342
2.04712
2.06937
2.09567
2.03321
2.08054
2.06533
2.13138
1.98596
2.06308
2.08217
2.08725
2.05125
2.0415
2.12217
2.12521
2.02121
2.06021
2.06254
2.35896
2.03062
2.06817
2.06192
2.09483
2.04146
2.03313
2.10462
2.06229
2.04033
2.06954
2.05996
2.0675
2.07408
2.04854
2.07163
2.09325
2.05758
2.02933
2.08629
2.06188
2.05258
2.083
2.05362
2.09375
2.06883
2.04796
2.08712
2.05008
2.06646
2.07504
2.038
2.07829
2.07779
2.0725
2.04896
2.06621
2.06775
2.11029
2.06967
2.02179
2.06513
2.12258
2.02421
2.03946
2.08479
2.09067
2.03492
2.06358
2.06046
2.08771
2.10254
2.23612
2.23258
2.08629
2.0635
2.04421
2.09875
2.06367
2.06492
2.08492
2.07771
2.09658
2.01154
2.13063
2.06046
2.07625
2.01521
2.10521
2.05854
2.13617
2.02988
2.06146
2.29808
1.84813
2.08879
2.15263
2.08504
2.07621
2.0885
2.39217
2.05787
2.06192
2.08546
2.09108
2.05354
2.08962
2.06033
2.29996
1.88879
2.07829
2.0555
2.12942
3.18133
0.9195
2.07025
2.04838
2.09842
2.06746
2.05392
2.05325
2.09271
2.07321
2.05158
2.05888
2.0725
2.06188
2.04858
2.07554
2.06542
2.08175
2.05496
2.07863
2.05987
2.05679
2.12608
2.0505
2.06079
2.04554
2.10679
2.03358
2.09396
2.05329
2.04758
2.077
2.07971
2.08025
2.05263
2.10492
2.04317
2.06483
2.07112
2.03933
2.07775
2.08917
2.04358
2.05917
2.07867
2.08117
2.05467
2.06096
2.04242
2.11779
2.01221
2.08242
2.06838
2.12717
2.03817
2.24521
2.07912
2.06388
2.04363
2.06392
2.10804
2.17683
1.95029
2.08171
2.03592
2.11671
2.01075
2.05208
2.06708
2.06271
2.06542
2.04904
2.10029
2.03104
2.07379
2.06058
2.08513
2.05879
2.07567
2.05213
2.05829
2.06742
2.055
2.05488
2.08104
2.06825
2.05608
2.05604
2.06346
2.07921
2.04367
2.09196
2.06283
2.08921
2.05033
2.07238
2.07033
2.07163
2.039
2.05796
2.07412
2.05821
2.05342
2.07596
2.08237
2.05421
2.045
2.07021
2.11583
2.02371
2.05921
2.09371
2.041
2.05271
2.05758
2.07896
2.10292
2.02329
2.07079
2.06804
2.07192
2.05183
2.06725
2.07871
2.18683
1.93179
2.06142
2.07954
2.08188
2.03629
2.05654
2.09908
2.18483
1.94421
2.05679
2.07883
2.07575
2.04462
2.09617
2.05454
2.05288
2.02954
2.15683
2.01483
2.03754
2.07038
2.08942
2.04746
2.06375
2.06912
2.07258
2.05513
2.06513
2.08746
2.06537
2.04858
2.05854
2.05071
2.0625
2.06517
2.13175
2.07092
2.08188
2.04113
2.30642
2.07675
2.05704
2.06012
2.07925
2.04971
2.05842
2.09996
2.10983
2.05983
2.09921
2.03075
2.06808
3.11792
2.1825
1.98429
2.05954
2.09483
2.03633
2.47554
2.04083
2.07762
2.04412
2.06646
2.04546
2.07396
2.09137
2.09704
2.07025
2.06571
2.06829
2.06
2.31279
2.04996
2.08675
2.04575
2.05392
2.06763
2.07279
2.0645
2.10483
2.04246
2.06804
2.28267
2.07367
2.05267
2.05083
2.06342
2.04542
2.08746
2.02933
2.31663
2.03429
2.06967
2.07158
2.04996
2.07479
2.10737
2.03158
2.09387
2.06671
2.093
2.03908
2.07975
2.06338
2.05833
2.09246
2.07471
2.0715
2.06396
2.06758
2.07558
2.07021
2.07992
2.06179
2.07704
2.07187
2.03321
2.08792
2.07096
2.05458
2.08142
2.06363
2.05367
2.05488
2.06104
2.07912
2.06892
2.074
2.07854
2.06392
2.06275
2.07675
2.07592
2.0775
2.06654
2.07367
2.06225
2.077
2.07633
2.04917
2.06712
2.079
2.07433
2.07008
2.05925
2.09858
2.07154
2.06804
2.05071
2.05804
2.07388
2.07921
2.07054
2.06679
2.06742
2.06392
2.07783
2.07142
2.07929
2.03446
2.06529
2.07812
2.05558
2.07779
2.03708
2.1635
2.07183
2.08763
1.95004
2.04579
2.06871
2.06846
2.08113
2.06262
2.07433
2.05467
2.0475
2.08029
2.09063
2.05433
2.10508
2.05592
2.05133
2.09662
2.068
2.062
2.09867
2.04988
2.4215
2.073
2.03367
2.17571
2.02375
1.95387
2.07333
2.04067
2.06496
2.09358
2.05254
2.06233
2.06192
2.08067
2.04179
1.98538
2.30317
2.10496
2.03308
2.07012
2.19858
1.99492
1.96429
2.06225
2.06542
2.06792
2.09575
2.05004
2.05758
2.05679
2.05029
3.19083
1.99908
2.08258
2.08696
2.10262
2.06838
2.05367
1.95612
2.06521
2.05129
2.09442
2.03425
2.0695
2.04217
2.10033
2.04237
2.09367
2.08733
2.068
1.95854
2.06867
2.04946
2.05767
2.06067
2.03858
2.08492
2.03925
2.06754
2.05438
2.06808
2.0355
2.11067
2.04596
2.06329
2.04629
2.06054
2.06304
2.01029
2.05604
2.17883
2.04662
1.94796
2.22392
1.88179
2.06771
2.10958
2.03613
2.07888
2.00958
2.08596
2.0885
3.57575
2.20337
2.04483
2.06121
2.02692
2.05017
2.06296
2.03121
2.05579
2.0605
2.06575
2.02933
2.07275
2.05967
2.05038
2.06967
2.131
2.07146
2.07825
2.03367
2.04683
2.10188
2.73221
2.03675
2.06171
2.18917
1.95667
2.08708
2.04817
3.23583
2.08075
2.08296
2.61629
2.155
1.95117
2.079
2.26325
2.04629
2.09842
3.02292
1.79454
2.04462
2.09746
2.69579
2.14946
2.21738
1.93504
2.11642
2.06142
2.32921
1.77196
2.53638
2.06896
2.06296
2.38467
2.07158
2.108
2.05625
2.35958
2.11288
2.132
2.11504
2.05042
2.195
2.13104
1.98333
2.04642
2.28767
2.31604
2.05004
2.39729
2.03225
2.09617
2.61542
1.83788
2.07688
2.07529
2.04783
2.06937
2.09517
2.05621
2.066
2.06579
2.28075
2.07279
2.27729
2.10321
2.05713
2.09996
2.23771
2.03896
2.07004
2.05067
2.07583
2.31162
2.01179
2.07762
2.07271
2.15504
2.19896
2.06717
2.08629
2.25458
2.06967
2.05996
2.06308
2.29508
2.02025
2.07025
2.30054
2.05696
2.07088
2.05446
2.05888
2.29642
2.06554
2.06133
2.29492
2.07317
2.06842
2.40633
1.92325
2.08096
7.86154
