5.66871
13.0356
5.58213
3.38142
4.10492
3.40267
4.10396
3.2645
3.41658
3.40479
4.04979
3.39208
3.93321
3.47687
3.91875
3.49908
3.38904
3.97092
3.42454
3.95787
3.41467
3.66358
3.37338
3.38837
3.39954
3.40225
3.40054
3.38238
3.40429
3.38463
3.40158
3.39608
3.39667
3.39883
3.41421
3.38537
3.40942
3.36496
3.41817
3.38088
3.435
3.38975
3.40238
3.39933
3.40192
3.37563
3.41071
3.38587
3.41779
3.41029
3.39967
3.35733
3.41746
3.38025
3.42658
3.38142
3.39317
3.38787
3.37333
3.38571
3.40567
3.40071
3.3915
3.38704
3.38367
3.40592
3.40729
3.38679
3.36762
3.41679
3.387
3.39521
3.39408
3.38463
3.39767
3.39333
3.40479
3.38075
3.38525
3.41038
3.40446
3.38408
3.40058
3.39837
3.41425
3.39058
3.40013
3.39821
3.38879
3.415
3.3775
3.39042
3.37633
3.39496
3.40358
3.37196
3.40708
3.40888
3.37629
3.40254
3.38837
3.38979
3.37588
3.39125
3.39054
3.39575
3.36833
3.41258
3.38221
3.39667
3.38971
3.40925
3.37075
3.38054
3.41504
3.383
3.39671
3.38758
3.40437
3.38233
3.3955
3.39529
3.37096
3.37533
3.399
3.42121
3.35367
3.37967
3.39092
3.46958
3.30638
3.37962
3.40583
3.42725
3.38262
3.40354
3.41087
3.61267
3.39712
3.41637
3.39042
3.401
3.39946
3.39008
3.38088
3.38521
3.40938
3.39183
3.39113
3.40583
3.37442
3.394
3.38692
3.40533
3.38475
3.40529
3.39942
3.37392
3.40404
3.39342
3.40388
3.36575
3.39925
3.378
3.37104
3.37746
3.40242
3.35788
3.41625
3.40737
3.38467
3.4585
3.29975
3.38746
3.37608
3.37338
3.38987
3.38596
3.38629
3.58608
3.25383
3.46042
3.35542
3.72454
3.40829
3.41554
3.40975
3.395
4.46829
3.81992
3.39567
3.74729
3.38304
3.38683
3.43021
3.59029
3.4215
3.64517
3.42154
3.56217
3.41758
3.41208
3.63629
3.41829
3.54133
3.38779
3.63821
3.38938
3.39763
3.62625
3.41679
3.39083
3.36767
3.5315
3.59183
3.682
3.40825
3.42512
3.37892
3.37988
3.38658
3.40371
3.38108
3.3755
3.40192
3.36125
3.40996
3.38338
3.38062
3.38375
3.36796
3.38238
3.38571
3.37646
3.39033
3.37304
3.39392
3.37208
3.39121
3.40488
3.58779
3.43408
3.36608
3.36796
3.40946
4.53079
3.40758
3.39813
3.43312
3.36537
3.38308
3.61342
3.62733
3.42575
3.35233
3.42983
3.391
3.38754
3.42225
3.38142
3.40167
3.38088
3.39029
3.40054
3.38275
3.39829
3.395
3.37783
3.42463
3.38612
3.411
3.39133
3.38329
3.40646
3.41542
3.41142
3.39879
3.39571
3.39725
3.38992
3.39787
3.38304
3.40154
3.3985
3.40638
3.39546
3.39242
3.36846
3.40608
3.38754
3.40021
3.40104
3.3995
3.41008
3.40112
3.3625
3.39542
3.43404
3.39025
3.37667
3.78583
3.44121
3.38463
3.38333
3.38875
3.40046
3.39996
3.40213
3.38
3.39196
3.40904
3.38754
3.43175
3.38279
3.45521
3.33729
3.39363
3.38929
3.41067
3.3985
3.37938
3.38592
3.37075
3.40112
3.37917
3.58821
3.39992
3.40479
3.40854
3.37621
4.51621
3.37062
3.77067
3.41113
3.72017
3.40096
3.40013
3.59967
3.3725
3.39513
3.63888
3.3805
3.66746
3.40371
3.37237
3.61467
3.64888
3.31537
3.35404
3.64446
3.39546
3.57262
3.39233
3.37771
3.66921
3.37546
3.58567
3.39192
3.56137
3.52354
3.272
3.66433
3.39379
3.42146
3.53121
3.38867
3.98075
3.46979
3.81758
3.374
3.96475
3.42437
3.62425
3.38329
3.39342
3.712
3.39679
3.58158
3.42638
3.55288
3.43325
3.36338
3.63171
3.43092
3.56233
3.41483
3.39213
3.77083
3.41442
3.58917
3.41154
3.62779
3.39179
3.39817
3.65258
3.3855
3.40062
3.42067
3.34371
3.75996
3.40492
3.62283
3.4095
3.5575
3.43771
3.36017
3.63496
3.41225
3.56017
3.379
3.65258
3.31038
3.38054
3.64517
3.414
3.62017
3.388
3.37487
3.6275
3.39975
3.57996
3.38658
3.37333
3.67921
3.36233
3.65096
3.38404
3.60504
3.36317
3.42579
3.73388
3.42413
3.57133
3.38958
3.66275
3.30421
3.37983
3.62379
3.46017
3.52821
3.38917
3.38808
3.637
3.46133
3.50179
3.43708
3.53546
3.42071
3.37721
3.37004
3.4755
3.63896
3.47
3.31862
3.90246
3.40267
3.42396
3.37546
4.08513
3.39417
3.48142
4.03792
3.37146
4.11113
3.54596
4.08933
3.48058
3.35563
3.41138
3.40267
3.406
4.19158
3.683
3.40808
3.71738
3.37138
3.38954
3.38821
3.39062
4.26421
3.39933
3.70425
3.41296
3.36587
3.41033
3.38062
3.71671
3.39437
3.66958
3.35242
3.59529
3.46708
3.47779
3.74113
3.42267
3.39129
3.48146
3.68675
3.71062
3.37829
3.69437
3.34663
3.37138
3.67929
3.40975
3.60229
3.40642
3.62162
3.41217
3.38846
3.64608
3.474
3.54442
3.36921
3.38254
3.59313
3.40871
3.46988
3.58125
3.38975
3.66471
3.38888
3.57229
3.43375
3.59079
3.40683
3.38046
3.55596
3.46746
3.58229
3.42254
3.59392
3.41658
3.40204
3.45642
3.61983
3.61488
3.399
3.59242
3.34642
3.40908
3.59888
3.39558
3.39529
3.63992
3.39146
3.58237
3.39567
3.582
3.414
3.38571
3.66288
3.41113
3.59717
3.41317
3.54467
3.43317
3.38688
3.77467
3.25421
3.63558
3.38742
3.366
3.68821
3.34196
3.64346
3.39579
3.53312
3.43075
3.35904
3.82017
3.16875
3.38413
3.71062
3.37675
3.42537
3.40879
3.69758
3.39821
3.72125
3.54346
3.29808
3.74546
3.41729
3.63642
3.43392
3.59858
3.49546
3.36242
3.67921
3.50775
3.63742
3.46279
3.72946
3.42063
3.37875
3.72538
3.52117
3.63683
3.42938
3.64496
3.51887
3.45504
3.75146
3.37883
3.71321
3.44433
3.72796
3.54429
3.25904
3.89467
3.30617
3.58142
3.54637
3.40117
3.39508
3.58925
4.17825
3.46913
3.81642
3.45037
3.76192
3.50825
3.22879
3.70137
3.40617
3.61167
3.422
3.62058
3.41775
3.37758
3.63871
3.45371
3.56371
3.40388
3.6605
3.34275
3.38983
3.39375
3.66729
3.59713
3.45129
3.38375
3.58371
3.41996
3.68779
3.3385
3.4005
3.63538
3.37042
3.57842
3.40696
3.38479
3.68071
3.36225
3.6585
3.39633
3.56971
3.44504
3.36658
3.64325
3.41279
3.6285
3.44804
3.34037
3.64729
3.40808
3.61629
3.41033
3.57725
3.41317
3.39267
3.65663
3.40717
3.58275
3.42058
3.57442
3.43083
3.36304
3.68583
3.38075
3.64004
3.336
3.41233
3.64167
3.38629
3.59067
3.509
3.49171
3.42387
3.34167
3.68129
3.40912
3.35179
3.414
3.35837
3.61417
3.38521
3.42967
3.35771
3.50592
3.30379
3.38013
3.397
3.38696
3.37108
3.37679
3.40587
3.36771
3.37917
3.45067
3.42742
3.25358
3.47942
3.3045
3.37521
3.39517
3.50342
3.37125
3.38004
3.405
3.34404
3.36354
3.30846
3.37433
3.40542
3.38775
3.46421
3.37288
3.37825
3.28104
3.42658
3.36992
3.38213
3.38671
3.436
3.31358
3.36083
3.38175
3.42883
3.38304
3.43679
3.38521
3.38062
3.37867
3.40542
3.72187
3.05929
3.28775
3.37038
3.42938
3.35412
3.40837
3.33396
3.37725
3.378
3.37563
3.43946
3.35471
3.37821
3.36358
3.43896
3.37138
3.50083
3.31996
3.40208
3.37929
3.36146
3.3905
3.36383
3.37267
3.42729
3.25271
3.46654
3.39879
3.37983
3.29038
3.41354
3.43329
3.39804
3.38096
3.40713
3.36171
3.28575
3.3845
3.41279
3.36771
3.366
3.44775
3.45533
3.19583
3.39254
3.41625
3.406
3.37758
3.46433
3.38371
3.35242
3.41708
3.33513
3.33779
3.35462
3.38287
3.40762
3.43413
3.38879
3.39338
3.38333
3.38521
3.36875
3.37308
3.30646
3.37408
3.40883
3.38121
3.38421
3.4505
3.36921
3.39896
3.38458
3.39133
3.36987
3.26425
3.49204
3.37288
3.40092
3.39867
3.44
3.34279
3.2905
3.39837
3.45129
3.38667
3.24467
3.39529
3.40358
3.38779
3.35475
3.44583
3.38108
3.40671
3.40267
3.34471
3.41862
3.37658
3.3745
3.38187
3.40187
3.33942
3.30879
3.37021
3.48113
3.32529
3.41471
3.33029
3.50975
3.32292
3.57046
3.38262
3.39329
3.4085
3.37508
3.44912
3.41283
3.27179
3.37025
3.37329
3.41325
3.36825
3.469
3.37204
3.38142
3.42787
3.212
3.60729
3.34608
3.51971
3.37767
3.29742
3.39833
3.38583
3.40671
3.37517
3.43571
3.40004
3.26521
3.44996
4.63887
3.42292
3.39304
3.47812
3.25742
3.40017
3.42762
3.35088
3.41067
3.42142
3.40596
3.43096
3.30308
3.38088
3.32287
3.36429
3.41983
3.37887
3.4675
3.38317
3.36054
3.31533
3.39233
3.37208
3.33046
3.44708
3.4545
3.36783
3.28046
3.39237
3.41271
3.39192
3.44617
3.40863
3.37588
3.26646
3.41742
3.373
3.41304
3.46754
3.37446
3.39108
3.29529
3.41483
3.33483
3.41046
3.44192
3.36042
3.37142
3.59625
3.10813
3.37038
3.45113
3.35587
3.45083
3.36975
3.38246
3.39612
3.36933
3.37983
3.38488
3.38471
3.38592
3.26883
3.38592
3.42717
3.35517
3.45054
3.36388
3.38817
3.36438
3.39121
3.37925
3.42508
3.27312
3.36358
3.41387
3.39096
3.38958
3.426
3.41363
3.36933
3.55992
3.14979
3.33517
3.37333
3.49292
3.39221
3.32821
3.43417
3.34742
3.84475
3.378
3.39908
3.43492
3.38625
3.3105
3.41904
3.32412
3.38004
3.40471
3.37508
3.4515
3.34171
3.43617
3.39213
3.37487
3.37338
3.37279
3.38058
3.29442
3.3675
3.41246
3.39829
3.39825
3.42817
3.388
3.29779
3.36383
3.41329
3.40054
3.34958
3.37325
3.36142
3.37958
3.47579
3.35675
3.34404
3.47167
3.27129
3.35808
3.384
3.50992
3.37625
3.3885
3.37908
3.38204
3.37475
3.40175
3.39712
3.37483
3.38075
3.39363
3.38596
3.37358
3.2815
3.36154
3.42387
3.39312
3.36046
3.45954
3.39863
3.35671
3.37871
3.38133
3.37283
3.38796
3.41833
3.36446
3.37396
3.41308
3.34571
3.40004
3.28225
3.42537
3.49812
3.25358
3.36904
3.50842
3.39217
3.35879
3.37379
3.84954
3.404
3.37921
3.39729
3.62896
3.40529
4.66871
3.26963
3.35217
3.74588
3.40562
3.79254
3.47438
3.34337
3.76092
3.36633
3.82608
3.35575
3.7535
3.21175
3.66121
3.44833
3.40508
3.65171
3.35204
3.72342
3.29842
3.35942
3.39721
3.395
3.70904
3.33554
3.44392
3.35846
3.36837
3.51225
3.31654
3.39929
3.38054
3.35879
3.39492
3.38238
3.40004
3.39825
3.485
3.44875
3.21629
3.40371
3.4355
3.34508
3.38346
3.45933
3.39292
3.36442
3.376
3.38996
3.28487
3.37629
3.39138
3.4375
3.36233
3.442
3.49504
3.27004
3.35462
3.33754
3.40954
3.41912
3.4115
3.39254
3.37746
3.36746
3.48917
3.19596
3.40825
3.45554
3.26496
3.39779
3.34179
3.37942
3.39742
3.38325
3.39121
3.38
3.3875
3.38537
3.37113
3.40346
3.39304
3.40863
3.37125
3.40275
3.41425
3.39671
3.38842
3.40046
3.38721
3.38442
3.409
3.40933
3.42075
3.38075
3.38238
3.39525
3.40871
3.41833
3.36883
3.45971
3.35104
3.39071
3.39688
3.65237
3.39808
3.37612
3.40521
3.40658
3.3935
3.40017
3.37342
3.38283
3.38392
3.3875
3.40196
3.41883
3.38533
3.39863
3.41237
3.39867
3.38875
3.39167
3.41046
3.38338
3.404
3.38662
3.40713
3.37575
3.40987
3.38567
3.39271
3.46321
3.31325
3.36075
3.39817
3.37958
3.35054
3.38929
3.37862
3.4575
3.29683
3.37508
3.38938
3.43413
3.38075
3.41958
3.40896
3.39183
3.39304
3.39167
3.36029
3.3875
3.38213
3.37454
3.39067
3.37633
3.37846
3.35046
3.41021
3.38542
3.35513
3.37254
3.39842
3.37675
3.29846
3.37946
3.41104
3.41292
3.42396
3.41158
3.36937
3.38821
3.36262
3.40271
3.37288
3.37263
3.388
3.39392
3.29321
3.37913
3.41158
3.39
3.44375
3.37025
3.40308
3.28729
3.382
3.41804
3.36833
3.34488
3.44013
3.34413
3.38896
3.38471
3.41596
3.42163
3.39283
3.3605
3.43179
3.23704
3.38542
3.40646
3.40992
3.34575
4.81188
3.30354
3.7585
3.36483
3.45996
3.459
3.39787
3.38563
3.38379
3.37683
3.41375
3.36229
3.27079
3.34187
3.42079
3.36413
3.46413
3.37321
3.3925
3.35142
3.41617
3.35704
3.28058
3.37771
3.50033
3.32704
3.44717
3.37558
3.38308
3.28046
3.38688
3.57158
3.1965
3.38046
3.46663
3.36633
3.31008
3.356
3.42892
3.39117
3.45912
3.36154
3.38621
3.37875
3.39267
3.37617
3.40171
3.38021
3.35046
3.43625
3.26842
3.35471
3.45683
3.33567
3.47208
3.32321
3.41521
3.39067
3.38325
3.36092
3.33033
3.42858
3.41575
3.28058
3.37571
3.40208
3.379
3.43342
3.41446
3.36238
3.38854
3.37883
3.37367
3.37363
3.39992
3.36846
3.38983
3.38396
3.39312
3.38108
3.35871
3.38767
3.41883
3.34896
3.38808
3.38021
3.37062
3.30704
3.36125
3.40238
3.40396
3.38467
3.4265
3.32004
3.39671
3.38054
3.494
3.35913
3.30954
3.38054
3.41771
3.39229
3.44013
3.35621
3.41558
3.26908
3.37462
3.43058
3.37938
3.4475
3.40033
3.35571
3.28954
3.44063
3.39012
3.36379
3.39783
3.35854
3.40087
3.33958
3.35854
3.42042
3.3355
3.34967
3.37396
3.38404
3.41771
3.45767
3.38396
3.38867
3.37258
3.38638
3.37642
3.3655
3.38771
3.36946
3.38813
3.38921
3.39371
3.24996
3.41096
3.50429
3.46462
3.19029
3.37667
3.43375
3.484
3.25921
3.37017
3.47262
3.27263
3.38683
3.41067
3.39775
3.37858
3.43392
3.365
3.39067
3.38175
3.37062
3.36638
3.37804
3.31017
3.33829
3.39225
3.43833
3.44075
3.42746
3.35446
3.37358
3.35938
3.39554
3.403
3.36738
3.30313
3.33887
3.40383
3.39246
3.44763
3.39171
3.36292
3.38829
3.38054
3.37254
3.38163
3.36854
3.38925
3.388
3.40279
3.29679
3.45237
3.519
4.90783
3.29725
3.48229
3.28563
3.38987
3.43542
3.36738
3.39129
3.42067
3.37521
3.31571
3.38658
3.42625
3.34187
3.38267
3.41171
3.46671
3.35629
3.32846
3.36658
3.74258
3.36062
3.49304
3.34717
3.34346
3.40283
3.40442
3.38433
3.36304
3.38863
3.46271
3.26996
3.42946
3.41087
3.35008
3.37179
15.285
