3.59042
2.64725
1.52354
1.743
1.70579
1.51492
1.54612
1.63679
1.49217
1.99825
1.30371
1.28946
1.02662
1.17396
1.6565
1.05988
1.03983
1.00546
0.98525
0.906
1.24796
0.883375
0.946084
0.944583
0.934458
0.890834
0.912625
1.02154
0.867625
0.946958
1.518
0.900959
0.913375
0.904792
0.910541
0.984125
0.837625
0.918583
1.26938
0.888084
0.924541
0.922541
0.91475
0.935166
0.931875
0.934792
0.907125
0.8955
0.900291
0.912042
0.905583
0.91125
0.900792
0.920958
0.977625
0.931791
0.885042
0.910333
0.923292
1.21579
0.904583
0.919958
0.918958
0.946792
1.21046
0.913416
0.938166
0.888875
0.921875
0.910291
1.07992
0.77375
0.920375
1.17392
0.937667
0.906834
0.922958
0.916083
0.915666
0.904459
0.963291
0.940084
0.904916
0.921458
0.901917
0.9025
0.907041
0.914584
0.963125
0.94875
0.922959
0.907416
0.924792
0.907333
1.24279
0.91325
0.900625
0.924917
1.01679
1.1345
0.885334
0.922833
0.902541
0.93525
0.948792
0.906292
0.913083
0.91625
1.20983
0.884417
0.902375
0.920417
0.895667
0.915791
1.098
0.800166
0.930625
0.8885
0.912959
0.905583
0.895667
0.92525
0.903125
0.912541
0.988792
0.949834
0.910833
0.905792
0.89575
1.21492
0.894667
0.984083
0.883792
0.88475
0.905167
1.18833
0.926166
0.931625
0.899417
0.918917
0.898375
0.905458
0.891834
0.938333
1.17375
0.914875
1.00454
0.844041
0.899584
0.896958
0.916334
0.895166
0.89725
0.935542
0.904375
1.19792
0.91625
0.906042
0.981042
0.884583
0.910792
0.911958
0.94725
0.882791
0.897125
0.906375
0.921375
0.89225
0.902417
0.906292
0.915459
1.19021
0.910834
0.950208
0.880875
0.902459
0.915083
0.968834
0.890917
0.927416
0.896334
0.895458
0.9025
0.932375
0.897459
0.907167
0.905208
0.925167
0.924292
0.909208
1.20633
0.909375
0.915
0.909417
0.913792
0.954583
0.866375
1.19837
0.920333
0.916167
0.892083
0.922334
0.89775
0.973
0.846959
0.906
1.19204
0.923958
0.904667
0.895167
0.920209
0.894083
0.958834
0.856708
0.912417
0.921625
0.898292
1.18742
0.915625
0.922208
0.90025
0.923208
0.894959
0.918416
1.13492
0.934125
0.920666
0.919334
0.919
0.921042
0.900166
0.897958
0.913542
0.917583
0.904875
1.19496
0.918208
0.91575
0.904125
0.891458
0.900958
1.17575
0.897416
0.894709
0.924875
0.88625
0.915334
0.930292
1.09817
0.852541
0.841
0.873917
0.918833
0.905292
0.904958
0.914917
0.937
0.888042
0.916292
0.914708
0.913334
0.917583
0.929667
1.35187
0.748833
0.926375
0.931791
0.895291
1.17525
0.882833
0.91
0.900709
0.92625
0.910875
0.944041
0.87525
0.939417
1.20029
0.914208
0.91475
0.911083
0.915584
0.89075
1.05108
0.871125
0.867209
0.90625
0.896792
0.903584
0.931167
0.893958
0.902792
0.901917
0.928083
0.921667
0.886875
0.897792
1.21487
0.90525
0.933917
0.939541
0.905709
0.913292
0.913708
1.15608
0.907375
0.934
0.906875
0.92375
0.899042
0.898375
0.881667
0.925875
1.14267
0.904875
0.927167
0.904
0.893667
0.907125
0.924
0.904791
0.899583
1.10475
0.908916
0.917458
0.906083
0.907584
0.91975
0.919125
0.921084
1.11475
0.915458
0.903417
0.916084
0.894542
0.941083
0.89975
0.904667
0.914
1.12846
0.899042
0.912583
0.928334
0.927792
0.896292
0.92
0.875333
0.939083
0.903208
0.927917
1.09642
0.927292
0.915958
0.915791
0.922417
0.908792
0.934125
1.10242
0.914709
0.991292
0.894541
0.883083
0.911125
0.9045
0.904084
0.963375
0.892541
0.900917
1.12729
0.935875
0.914459
0.891166
0.931959
0.88825
0.90975
0.909958
1.02796
1.04921
0.879584
0.915792
0.900542
0.965542
0.855583
0.906125
0.904042
0.902334
0.910291
0.89425
0.922458
0.895125
0.903209
0.907625
0.896417
0.91625
0.902333
0.905833
0.902292
0.917709
0.912333
0.907416
0.912417
0.903542
0.914083
0.900666
0.9225
0.899292
0.925792
0.915291
0.926583
0.916417
0.914125
0.906334
0.916083
0.906917
0.924042
0.93075
0.898875
0.928459
0.89925
0.916084
0.886417
0.91875
0.909917
0.903875
0.917958
0.918417
0.896041
0.897833
0.916958
0.920375
0.899542
0.906084
0.907375
0.927375
0.9095
0.932541
0.934125
0.871792
0.908625
0.909125
0.918042
0.902584
0.914458
0.924084
0.900375
0.898083
0.913417
0.910334
0.9095
0.935334
0.867333
0.912834
0.911875
0.90375
0.911875
0.894917
0.907
0.916083
0.933334
0.906708
0.892541
0.925875
0.894917
0.927791
0.919875
0.904709
0.911792
0.916333
0.9115
0.88525
0.92725
0.900167
0.935917
0.893625
0.901542
0.908584
0.907875
0.89725
0.91275
0.906375
0.915
0.922833
0.915875
0.881959
0.9095
0.926417
0.908625
0.897833
0.913417
0.889834
0.928708
0.964291
0.846416
0.895458
0.912417
0.923792
0.895166
0.907875
0.908166
0.910334
0.893542
0.917833
0.903791
0.904
0.916708
0.892833
0.916667
0.91
0.904042
0.902
0.910875
0.904459
0.910625
0.897167
0.917292
0.889
0.901208
0.917333
0.894709
0.909208
0.891667
0.918792
0.889292
0.907209
0.901667
0.907833
0.897542
0.916
0.895542
0.9075
0.899375
0.9025
0.9115
0.928834
0.900833
0.901416
0.906291
0.961708
0.8685
0.920333
0.902833
0.907875
0.888708
0.932459
0.899917
0.93275
0.899459
0.904291
0.898625
0.907334
0.913708
0.909791
0.900291
0.916333
0.906709
0.916791
0.897875
0.909333
0.912208
0.917417
0.902458
0.914125
0.89825
0.906208
0.918042
0.904125
0.895084
0.910166
0.894958
0.910084
0.905416
0.915
0.912625
0.88925
0.900959
0.909042
0.901958
0.914
0.896166
0.917917
0.904834
0.910083
0.879209
0.916375
0.901084
0.900583
0.916041
0.906209
0.898292
0.908833
0.895375
0.9165
0.974042
0.829625
0.905834
0.906833
0.900375
0.90375
0.908833
0.900208
0.902959
0.904042
0.912042
0.894708
0.91525
0.916625
0.91625
0.898125
0.903333
0.921459
0.897041
0.897584
0.920458
0.895125
0.908625
0.910042
0.90925
0.920334
0.904542
0.909667
0.915541
0.892667
0.907125
0.910958
0.907459
0.902458
0.914917
0.906458
0.907916
0.895291
0.913916
0.941375
0.899834
0.912917
1.09346
0.839583
0.953834
0.879333
0.890583
0.902125
0.903083
0.915417
0.912792
0.91175
0.901208
0.914792
0.903458
0.947
0.866209
0.896917
0.905875
0.905625
0.902875
0.89575
0.908833
0.907708
0.906459
0.908083
0.914292
0.909083
0.904208
1.08321
0.882333
0.881292
0.902291
0.92325
0.913583
0.919625
0.91375
0.924292
0.907833
0.903
1.22788
0.904375
0.980125
0.85475
0.913292
0.930833
0.916084
0.897958
0.901542
0.925375
0.91525
0.916916
0.900084
0.909208
0.918042
0.917667
0.908791
0.903041
0.910791
0.899833
0.922459
0.90175
0.939291
0.897791
0.89525
0.901417
0.904916
0.920458
0.895209
0.906417
0.9195
0.908208
0.90325
0.912166
0.890958
0.919709
0.907292
0.922375
0.888375
0.915959
0.916458
0.909667
0.905
0.903333
0.910166
0.911542
0.905834
0.908542
0.909917
0.894167
0.926
0.898875
0.919
0.92475
0.90475
0.918458
0.896459
0.961917
0.86125
0.912042
0.90525
0.911667
0.916083
0.896459
0.905875
0.915209
0.904208
0.916667
0.899667
0.919917
0.911542
0.928667
0.905458
0.917958
0.909791
0.909458
0.926125
0.913292
0.901375
0.927958
0.909375
0.887084
0.922875
0.910875
0.901041
0.918
0.911958
0.901292
0.901084
0.917333
0.911167
0.902625
0.893209
0.914
0.905334
0.907583
0.912375
0.906125
0.8985
0.909084
0.907792
0.902875
0.908084
0.905333
0.899375
0.92
0.915583
0.898375
0.921334
0.898458
0.90775
0.9145
0.943208
0.850375
0.915916
0.902292
0.899417
0.898625
0.888
0.926875
0.899125
0.898667
0.916542
0.894042
0.913833
0.903709
0.899833
0.911291
0.904458
0.925
0.884791
0.933291
0.896417
0.889125
0.915083
0.921875
0.90875
0.905458
0.914042
0.914542
0.914875
0.903708
0.902709
0.898875
0.910375
0.906417
0.9145
0.917209
0.893083
0.92275
0.903542
0.9115
0.901375
0.91175
0.903083
0.909666
0.896167
0.908834
0.9645
0.854042
0.91425
0.913083
0.90625
0.899458
0.911334
0.911875
0.913542
0.888417
0.916542
0.900292
0.924667
0.914917
0.893625
0.921084
0.892625
0.912542
0.908875
0.924041
0.900542
0.910625
0.900084
0.90425
0.916042
0.906291
0.909291
0.901584
0.904875
0.911625
0.89925
0.896708
0.920209
0.897958
0.897875
0.91
0.894625
0.919291
0.909291
0.909666
0.903333
0.914167
0.909417
0.907625
0.904292
0.898417
0.918125
0.890334
0.911375
0.902
0.90775
0.905375
0.908625
0.893666
0.912875
0.961167
0.851625
0.913584
0.909458
0.913167
0.915334
0.905917
0.909833
0.901208
0.905875
0.9135
0.902834
0.904541
0.91075
0.913666
0.910916
0.912458
0.912709
0.902042
0.90875
0.908
0.91275
0.910916
0.912375
0.900125
0.898084
0.93075
0.8745
0.923875
0.89825
0.905584
0.927667
0.915292
0.906375
0.903334
0.899333
0.915125
0.91525
0.904959
0.911042
0.912375
0.902917
0.913125
0.923958
0.883125
0.900875
0.937375
0.884834
0.92625
0.908333
0.908167
0.903042
0.925042
0.878375
0.901666
0.8995
0.900958
0.922709
0.901208
0.926583
0.891959
0.881417
0.903583
0.90075
0.910166
0.906125
0.911875
0.90425
0.911
0.910792
0.894542
0.907166
0.907458
0.89975
0.927458
0.902125
0.8965
0.906583
0.903458
0.896542
0.91525
0.898625
0.903667
0.923542
0.901584
0.904125
0.920959
0.907125
0.892667
0.903
0.904084
0.916083
0.919
0.895667
0.899125
0.908167
0.907959
0.907083
0.902125
0.904875
0.911292
0.9055
0.907375
0.907208
0.896458
0.89425
0.911333
0.901709
0.942583
0.877417
0.916
0.8895
0.903208
0.911791
0.915083
0.908
0.904625
0.9245
0.891917
0.910709
0.906708
0.891208
0.932584
0.890292
0.904458
1.21988
0.922417
0.903291
0.919541
0.935709
0.888291
0.928334
0.897417
0.914708
0.898458
0.920417
0.922209
0.889375
0.921917
0.900584
0.907625
0.911125
0.963125
1.10462
0.930208
1.79396
0.883292
0.910417
1.07617
0.806667
0.912417
0.966042
0.848208
0.914334
0.9155
1.09192
0.745208
1.08054
1.31692
0.964708
0.89175
0.894209
0.915875
0.959208
0.8845
0.971709
1.22954
0.920125
0.905542
0.908916
0.898667
0.905834
0.905208
0.895834
0.909917
1.21842
0.905791
0.913875
0.912
0.946084
0.902583
0.91825
0.903041
0.921167
0.919792
0.909917
1.20575
0.891417
0.930916
0.891
0.890833
0.918416
0.898084
0.943791
1.09563
0.970541
0.909333
0.91425
0.893208
1.03638
0.846208
0.892584
0.908916
0.901084
0.920625
0.917375
0.912958
0.898625
0.891375
0.913875
0.906792
0.913375
0.892042
0.902167
1.21237
0.905667
0.9295
0.990125
0.876375
0.910333
0.913417
0.904375
0.919083
0.917917
0.881584
0.937041
0.9565
0.831375
0.914
1.19783
0.921208
0.924834
0.916083
0.90675
0.91875
0.898541
0.9125
1.18092
0.90975
0.9115
0.898417
0.911125
0.902459
0.95625
0.8385
0.9265
0.9015
0.921875
0.895333
0.89475
0.919458
0.891166
0.9065
0.887083
0.926792
0.935375
0.887292
0.919083
0.902167
0.912292
0.911
0.908416
0.906416
0.904458
0.930167
0.916792
0.887625
0.917708
0.921459
0.903375
0.902375
0.913167
0.892833
0.933917
0.916792
0.897959
0.910167
0.917541
0.921709
0.907458
0.916042
0.8855
0.904875
0.918459
0.92425
1.168
0.922875
0.920833
0.9
0.905875
0.903708
0.924584
1.1705
0.935916
0.906791
0.932292
0.895292
0.910042
0.979084
0.859625
0.940125
0.899667
0.905
0.898667
0.921459
0.917
0.913209
0.896166
0.925
0.907875
0.923334
0.900333
1.17996
0.927417
0.907792
0.912625
1.06967
0.8415
0.894833
0.891541
0.910417
0.923708
0.9015
0.9105
0.954
0.960334
0.86475
0.955666
1.21313
0.915083
0.879459
0.92425
0.923292
0.97575
0.844625
0.9065
1.1495
0.920792
0.902292
0.904166
0.915334
0.910292
0.95
0.85475
0.923417
0.895417
0.914833
1.17979
0.92075
0.906833
0.885833
0.905042
0.90325
0.900875
1.19362
0.944542
0.906875
0.894208
0.911042
0.906958
0.897167
0.898833
0.918583
0.9255
0.882792
0.888
0.897041
0.927792
0.900625
0.912583
0.904459
0.918583
0.89825
0.928667
0.876917
0.92125
0.918292
0.897375
0.907333
0.931458
0.89075
0.929708
0.888291
0.899458
0.919959
0.911542
0.912042
0.901958
0.912375
0.908083
0.9165
0.903083
0.898459
0.901833
0.9335
0.901542
0.903625
0.920125
0.884791
0.907042
0.912417
0.898542
0.911709
0.926208
0.895208
0.912375
0.905958
0.915333
0.902917
0.914916
0.9055
0.918458
0.911625
0.927042
0.916167
0.876708
0.912792
0.912084
0.913958
0.917875
0.910708
0.881417
0.916042
0.935958
0.928333
0.876417
0.926125
0.888916
0.891125
0.922
0.913917
0.9095
0.918875
0.894667
0.92375
0.89875
0.893042
0.9165
0.896334
0.898125
0.900542
0.912958
0.897
0.925334
0.887333
0.905791
0.922125
0.88725
0.897667
0.915959
0.902333
0.897708
0.914791
0.901
0.900375
0.928708
0.874667
0.935292
0.894917
0.910167
0.913083
0.905333
0.88975
0.948083
0.855084
0.908791
0.920084
0.888666
0.927458
0.910167
0.922542
0.914292
0.889708
0.918333
0.895083
0.924833
0.89125
0.909
0.917958
0.904792
0.9025
0.914708
0.933791
0.894291
0.889667
0.91475
0.925916
0.901666
0.904
0.904958
0.8805
0.950958
0.885667
0.894917
0.906084
0.910042
0.901708
0.895333
0.91175
0.912916
0.912084
0.901
0.889875
0.906375
0.905875
0.920375
0.884709
0.897958
0.90575
0.917875
0.916542
0.90475
0.896083
0.900209
0.896958
0.917583
0.909917
0.880417
0.909958
0.914584
0.906292
0.9105
0.9125
0.906
0.910583
0.973375
0.843834
0.914583
0.9085
0.912583
0.896458
0.917375
0.89425
0.926917
0.889292
0.907625
0.908583
0.899875
0.908416
0.89975
0.900708
0.908917
1.12533
0.915792
0.912875
0.931709
0.914167
0.921583
0.895208
0.902542
0.904417
0.916833
0.898834
0.903875
0.921709
0.913083
0.901875
0.903583
0.910333
0.908209
0.922042
0.9125
0.91125
0.902042
0.894625
0.922542
0.908458
0.8995
0.905958
0.912458
0.895083
0.93875
0.897417
0.9075
0.894
0.904375
0.931834
0.903583
0.904
0.915875
0.893917
0.919333
0.901042
0.908375
0.914334
0.907416
0.902416
0.909291
0.9025
0.955
0.861375
0.906041
0.901166
0.905875
0.901875
0.911792
0.885791
0.911375
0.9
0.915042
0.899667
0.901125
0.913542
0.900459
0.90325
0.902667
0.9255
0.89825
0.905292
0.91975
0.903084
0.907291
0.905625
0.903083
5.65692
