4.146
6.93008
3.308
3.10546
3.10896
1.82192
1.44933
1.43287
2.12162
1.57387
1.07788
1.03946
1.55683
1.03808
1.04221
1.01129
1.09729
1.06317
1.03196
1.02233
1.02967
1.01225
1.07025
0.988458
1.03337
1.00883
1.04229
1.00454
1.02775
1.02717
1.56542
1.06192
1.01392
1.06113
0.992625
1.03563
1.041
1.04508
1.02008
1.03617
1.04179
1.04063
1.01113
1.02075
1.03108
1.02762
1.01546
1.05033
1.03054
1.03846
1.02342
1.04575
1.026
1.03571
1.03167
1.047
1.04287
1.02388
1.00679
1.063
1.02567
1.01879
1.03925
1.05175
0.994
1.05517
1.01537
1.05358
1.02646
1.03638
1.02537
1.06113
1.02608
1.01938
1.02792
1.02404
1.03329
1.03917
1.00017
1.05846
1.02196
1.03704
1.02529
1.05329
1.03671
1.01725
1.02017
1.05233
1.03075
1.06025
1.00987
1.05342
1.01537
1.06571
1.0085
1.05133
0.993875
1.06033
0.995834
1.03437
1.02804
1.04337
1.04525
1.03046
1.02762
1.04442
1.04375
1.01217
1.04279
1.05112
1.03079
1.01825
1.04108
1.10633
0.975833
1.05096
1.0305
1.03163
1.01312
1.04471
1.03104
1.10775
0.979459
1.04237
1.02883
1.02388
1.02675
1.02325
1.03763
1.07842
0.982625
1.02917
1.03887
1.02612
1.01954
1.06258
1.02275
1.04725
0.996375
1.04817
1.01487
1.0555
1.01279
1.05533
1.02683
1.04192
1.01425
1.04038
1.03283
1.00479
1.04608
1.02667
1.059
1.02687
1.00729
1.05367
1.04296
1.01833
1.03417
1.02863
1.05571
1.02079
1.022
1.03437
1.05579
1.04112
1.02308
1.03554
1.04017
1.03296
1.02112
1.01279
1.05137
1.01746
1.04842
1.03546
1.05508
0.988208
1.06671
1.01725
1.06179
1.01592
1.03413
1.04375
1.04708
1.00613
1.05363
1.03988
1.02833
1.02625
1.03571
1.04579
1.02513
1.03354
1.03817
1.03596
1.02579
1.02033
1.05929
0.986875
1.05683
1.02583
1.05258
1.00396
1.041
1.01821
1.03088
1.03521
1.02067
1.03158
1.07721
1.02004
1.05146
1.04287
1.03258
1.02662
1.04475
1.01729
1.05288
1.02625
1.03554
1.02042
1.04675
1.00862
1.02775
1.21892
1.07425
1.02804
1.05042
1.01729
1.05221
1.04958
0.998834
1.04017
1.00821
1.04971
1.01054
1.05071
1.00629
1.03317
1.02842
1.05242
1.00433
1.03642
1.02687
1.04763
1.00933
1.03563
1.03492
1.04004
1.00754
1.03392
1.02083
1.04142
1.02367
1.03092
1.01279
1.02063
1.06479
0.980584
1.02942
1.02696
1.02292
1.07283
1.0035
1.04929
1.03146
1.04146
1.00546
1.04704
1.02579
1.02621
1.01017
1.02229
1.07517
1.02733
1.03137
1.03542
1.004
1.042
1.00971
1.01183
1.05121
1.01033
1.04717
1.02004
1.02263
1.02617
1.03075
1.04029
1.00871
1.06763
1.01971
1.03217
1.02038
1.04329
1.01588
1.04971
1.03662
1.03433
1.03117
1.03946
1.0455
1.02129
1.01683
1.04542
1.02604
1.026
1.01058
1.03558
1.05858
1.01296
1.04042
1.02137
1.02604
1.02812
1.03313
1.00537
1.04375
1.04858
1.02513
1.03646
1.05054
1.03379
1.02462
1.05208
1.01188
1.02858
1.03958
1.03642
1.028
1.03404
1.04275
1.01958
1.04717
1.03587
1.03992
1.02437
1.03567
1.03471
1.02713
1.04271
1.03337
1.06296
0.996625
1.04496
1.02542
1.05846
0.990958
1.02137
1.04638
1.03696
1.00283
1.03983
1.02425
1.0975
0.97225
1.01675
1.02937
1.02083
1.01054
1.06167
1.00187
1.017
1.018
1.05492
1.01496
1.02992
1.01342
1.02992
1.01687
1.0665
1.04908
1.01208
1.045
1.03246
1.02142
1.01879
1.0535
1.04417
1.00471
1.04675
1.03496
1.04492
1.01317
1.04196
1.02979
1.04129
1.03492
1.03012
1.02192
1.02933
1.03021
1.03958
1.01658
1.03696
1.04587
1.00412
1.04517
1.04067
1.041
0.996459
1.0255
1.02588
1.07488
0.979667
1.04417
1.02583
1.04529
0.996916
1.0515
1.00092
1.05508
1.00629
1.03629
1.01075
1.05946
0.994125
1.03742
1.00654
1.07008
0.98975
1.04471
1.00996
1.04329
1.01075
1.04429
1.00175
1.05479
0.993333
1.05612
1.00604
1.03738
1.00629
1.04587
1.01412
1.10263
0.934291
1.03958
1.00554
1.03742
1.00554
1.0675
0.991916
1.03654
1.02454
1.00379
1.04008
1.02267
1.02525
1.03358
1.01217
1.03738
0.999917
1.03321
1.00713
1.03596
1.01125
1.04467
1.00971
1.04392
1.02654
1.01217
1.01312
1.03988
1.02083
1.01342
1.03396
1.04396
1.01242
1.02279
1.01438
1.03729
1.01846
1.03079
1.02483
1.02158
1.00679
1.03125
1.02012
1.05396
0.983334
1.03796
1.05163
0.997958
1.01246
1.03321
1.02667
1.0505
1.01404
1.02883
1.01379
1.02633
1.07412
0.956792
1.20988
1.28879
1.25096
1.01679
1.02533
1.04858
2.02846
3.7835
0.970958
1.04804
1.04546
1.00892
1.02263
1.02217
1.02146
1.02671
1.03708
1.00633
1.08496
0.980125
1.04267
1.04542
1.03767
1.01779
1.03817
1.03108
1.05375
1.01683
1.20525
1.19213
1.27483
0.994542
1.02817
0.98925
1.06729
0.990375
1.05279
1.01263
1.02217
1.00996
1.02846
1.01129
1.02592
1.02546
1.03863
1.01204
1.03871
1.02675
1.03092
1.0215
1.07288
0.964833
1.044
1.03392
1.0405
1.01533
1.00375
1.03458
1.08433
0.987792
1.10233
0.955666
1.00987
1.02983
1.02592
1.04067
1.08358
0.917708
1.65108
0.678167
1.07421
1.01833
1.00725
1.03171
1.08321
0.955208
1.03083
1.04104
1.00879
1.03012
1.05308
1.00554
1.02492
1.01842
1.01717
1.02008
1.01812
1.02167
0.999708
1.027
1.02729
1.02404
1.02221
1.08958
1.01692
1.07508
1.04942
1.00871
1.03017
1.02042
1.14308
0.948167
1.15925
1.0195
1.28692
1.06371
1.04054
0.963625
1.03433
1.03167
1.01967
1.09267
0.958708
1.03429
1.01588
1.02583
1.02738
1.02796
1.02883
1.01854
1.09821
1.26325
1.97867
1.01279
1.06225
1.0405
1.02725
1.01438
1.04129
1.01779
1.03708
1.01292
1.4725
1.03088
1.03363
1.03979
1.02771
1.05117
1.008
1.05596
1.41225
1.04438
1.06313
1.01979
1.01929
1.03496
1.01992
1.25596
1.03358
1.05417
1.01529
1.03292
1.03604
1.0335
1.00412
1.03883
1.02592
1.06163
1.25808
1.04942
1.04183
0.996333
1.05754
1.02296
1.06833
1.23233
1.04317
1.02804
1.11221
0.965292
1.03708
1.04379
1.03304
1.02358
1.24642
1.055
1.03296
1.03679
1.02533
1.02833
1.02171
1.03025
1.25958
1.04513
1.04558
1.03154
1.02717
1.02525
1.03367
1.03604
1.27992
1.02983
1.03321
1.04012
1.03575
1.02679
1.18067
1.10979
1.03467
1.0385
1.02442
1.12742
1.02588
1.00975
1.0555
1.02633
1.04054
1.04775
1.02167
1.05562
1.01992
1.03454
1.0245
1.06096
1.32238
1.05296
1.05042
1.03104
1.02429
1.06883
1.02933
1.04346
1.00838
1.06242
1.01904
1.02583
1.04438
1.04125
1.02958
0.990834
1.01579
1.04583
1.02662
1.05371
1.04379
1.02121
1.05496
1.06279
1.04633
1.02046
1.02987
1.043
1.02546
1.06079
1.03954
1.0435
1.03375
1.04408
1.04625
1.01696
1.03929
1.03658
1.052
1.01425
1.03696
1.04096
1.02283
1.03858
1.03104
1.05425
1.01554
1.02471
1.04925
1.04221
1.02617
1.02308
1.066
1.04029
1.04475
1.02042
1.02621
1.02808
1.05842
1.01396
1.04629
1.01738
1.03217
1.03929
1.04296
1.04192
1.03375
1.03171
1.04154
1.05221
1.02808
1.02471
1.04704
1.02363
1.02604
1.01396
1.042
1.03
1.06775
1.00496
1.02917
1.03054
1.04638
4.27562
1.75154
1.028
1.05092
7.16104
1.83792
1.02437
1.05683
1.024
1.09425
1.00104
1.0265
1.03683
1.03671
1.00846
1.04617
1.03029
1.043
1.02221
1.05787
1.01904
1.02492
1.04012
1.03279
1.04646
1.03533
1.03804
1.02408
1.06763
1.02217
1.04854
1.04004
1.03967
1.02875
1.03404
1.02567
1.03404
1.03346
1.02117
1.04513
1.02592
1.04817
1.00513
1.04858
1.02671
1.02558
1.035
1.02929
1.02204
1.05392
1.01604
1.03429
1.04371
1.03513
1.03388
1.0285
1.05446
1.02133
1.01842
1.03308
1.03433
1.03287
1.03
1.027
1.03421
1.0535
1.00746
1.05033
1.01825
1.05846
1.00325
1.05787
1.01362
1.03879
1.02762
1.03996
1.02354
1.03871
1.01196
1.02838
1.04096
1.02092
1.03696
1.03371
1.03829
1.02992
1.02687
1.04254
1.05404
1.02029
1.02525
1.02896
1.02475
1.03754
1.02621
1.05292
1.01717
1.04971
1.02717
1.04754
1.03429
1.08421
0.974833
1.04038
1.02513
1.03646
1.032
1.03946
1.02042
1.10625
0.97925
1.02771
1.016
1.04883
1.03567
1.02413
1.03242
1.09908
0.974917
1.04958
1.03038
1.04833
1.018
1.03487
1.02312
1.05808
1.02129
1.05012
1.0475
1.0185
1.02137
1.04458
1.04567
1.01629
1.03413
1.03133
1.028
1.04808
1.01362
1.07242
1.01388
1.04496
1.01675
1.06733
1.01258
1.03496
1.02188
1.04438
1.02633
1.02417
1.03508
1.02121
1.05842
1.02437
1.03667
1.01842
1.03758
1.03458
1.03296
1.04067
1.03521
1.02967
1.02654
1.05521
1.02654
1.02658
1.02892
1.05587
1.02229
1.02908
1.01796
1.05825
1.01838
1.04287
1.04133
1.03075
1.03521
1.04246
1.02212
1.04221
1.02329
1.03954
1.04137
1.02588
1.04433
1.04029
1.02121
1.01642
1.02654
1.06171
1.13
1.29146
1.22554
1.00292
1.05017
1.02454
1.04396
1.02692
1.01954
1.05538
1.01887
1.05146
1.03525
1.03567
1.02746
1.04954
1.02258
1.02271
1.02929
1.043
1.00442
1.04842
1.02354
1.02363
1.03433
1.02871
1.05337
1.01787
1.03879
1.03333
1.05562
1.02417
1.03396
1.01858
1.05958
1.02392
1.04071
1.03592
1.03454
1.02642
1.04392
1.05088
1.03088
1.00925
1.08088
0.957958
1.05942
1.01879
1.05412
1.15496
1.28417
1.25925
1.04329
1.04229
1.04583
1.05233
0.997625
1.03533
1.07583
1.029
1.03033
1.00796
1.03179
1.09596
0.967792
1.04517
1.00113
1.034
1.02429
1.04067
1.03025
1.02675
1.05708
1.00675
1.02921
0.979458
1.04137
1.05667
1.02275
1.0415
1.02504
1.03042
1.03437
1.04417
1.02687
1.02496
1.01108
1.03017
1.02987
1.03817
1.02454
1.0285
1.39912
0.90675
1.01946
1.03279
1.01475
1.04717
1.03283
1.01596
1.06454
1.00329
1.02571
1.01975
1.05025
1.05575
1.00617
1.02408
1.01629
1.07192
1.18096
1.07692
1.02563
1.01913
1.02783
2.14846
1.02413
1.04283
1.03662
1.00308
1.02283
1.04012
1.01817
1.38442
1.06033
1.02004
1.03292
1.04379
1.01604
1.03462
1.22475
1.19817
1.07271
1.04004
1.03917
1.05688
1.0155
1.02429
1.23792
1.04975
1.02812
1.04158
0.991916
1.03521
1.04133
1.02825
1.23608
1.03754
1.04654
1.026
1.01896
1.03175
1.05071
1.02058
1.25079
1.03208
1.03763
1.00171
1.03708
1.04283
1.04021
1.01929
1.26567
1.00454
1.06308
1.07171
0.981041
1.03746
1.03112
1.22287
1.05488
1.03054
1.02137
1.03554
1.02629
1.04071
1.02242
1.00504
1.3115
0.960041
1.03783
1.06133
1.00892
1.02658
1.22329
1.0735
1.05983
0.995333
1.01333
1.07412
1.00775
1.02987
1.23838
1.03546
1.03783
1.01667
1.04321
1.03042
1.05288
1.01379
1.30254
1.00354
1.02608
1.08675
0.99525
1.03
1.03229
1.02446
1.26
1.00917
1.05233
1.02675
1.02008
1.01983
1.01971
1.03754
1.26188
1.05117
1.02604
1.04408
1.02838
1.02563
1.02067
1.25046
1.04421
1.06629
1.01621
1.02625
1.06596
0.971709
1.04446
1.23229
1.0125
1.04142
1.061
1.03458
1.02125
1.02617
1.02421
0.996459
1.25204
1.05096
1.03996
1.01921
1.04917
1.01575
1.03038
1.21983
1.05767
1.01713
1.00646
1.02046
1.05371
1.03458
1.01592
1.28771
1.00392
1.03313
1.03188
1.01075
1.03796
1.03425
1.02621
1.03612
1.318
0.981792
1.02437
1.03854
1.03638
1.02087
1.03188
1.28525
1.03867
0.998875
1.07212
1.03988
1.02137
1.03883
1.022
1.23908
1.03542
1.01229
1.26188
1.01421
1.03408
1.03313
1.26175
0.977084
1.03146
1.07029
1.00496
1.03317
1.01238
1.04042
1.02029
1.03533
1.23379
1.04558
1.02367
1.0385
1.01867
1.03267
1.03325
1.2535
1.02937
1.05496
1.02154
1.01913
1.06342
0.998958
1.28967
1.03804
1.04329
1.01233
1.03858
1.00321
1.03421
1.02946
1.02696
1.26733
1.02838
1.05521
1.02654
1.06225
1.01263
1.31079
0.959541
1.02433
1.0435
1.04175
1.10962
0.952667
1.01942
1.25312
1.03887
1.04812
1.04258
1.00054
1.04879
0.996292
1.02742
1.09058
1.19825
1.00625
1.03854
1.03979
1.03358
1.03108
1.01925
1.26588
1.02137
1.02621
1.09708
0.997458
1.03917
1.01033
1.02192
1.29908
0.978292
1.02871
1.39346
1.30612
0.948917
1.00925
1.24275
1.05217
1.03933
1.04033
1.04858
0.993834
1.02367
1.02221
1.0395
1.27621
0.986
1.02604
1.05679
1.03108
1.01996
1.03625
1.0535
1.21783
1.0745
1.00138
1.04267
1.01792
1.02525
1.03783
1.0035
1.25687
1.08408
0.975333
1.03192
1.04921
1.01687
1.04258
1.02921
1.27242
1.02467
1.04375
1.026
1.01796
1.02875
1.04221
1.09363
1.20396
1.00229
1.05575
1.022
1.02662
1.0325
1.02346
1.28875
1.0075
1.04621
1.04871
1.01754
1.02925
1.02567
1.03163
1.26225
1.03058
1.02317
1.05521
1.07988
0.958
1.04121
1.35221
0.9595
1.03271
1.02017
1.05792
0.989
1.03008
1.01871
1.04804
1.15033
1.11171
1.01146
1.04217
1.06733
0.997208
1.02196
1.04412
1.25692
1.017
1.065
1.02329
1.02704
1.01108
1.04479
1.01396
1.25513
1.03875
1.02687
1.04592
1.03592
1.02525
1.00954
1.186
1.11396
1.02379
1.00983
1.04692
1.02533
1.03787
1.00767
1.28587
1.01904
1.05125
0.997416
1.03121
1.04279
1.02696
1.00958
1.26392
1.03937
1.03508
1.02754
1.04217
1.01875
1.02654
1.19954
1.05454
1.05821
1.00012
1.06146
1.07504
0.959333
1.02708
1.36
0.917916
1.02883
1.06721
1.04546
1.03821
1.0075
1.279
1.22217
1.06629
0.990833
1.03713
1.03229
1.03504
1.00987
1.04654
1.23762
1.07496
1.03025
1.02279
1.03846
1.04883
1.01046
1.02742
1.26571
1.03083
1.01346
7.01096
